-0.00011588321262807495
0.0001717082044937555
0.0015853623302275104
-0.0007814534975664594
-0.00035730889773559737
0.0001981445052063154
0.00029482428444606263
-0.00032549381405533903
7.555426842812336e-05
0.001586110364909491
-0.0008242897553523928
0.0001867532402358937
0.000721179044003221
-0.0005729823330450263
0.0006070661936656392
0.0003541411259888235
-0.0003345897150168178
6.18906283724235e-05
-0.00018299138843949105
0.00047227946260196746
-0.0010415561102899234
0.0006200515337075531
0.00018291626470773745
0.0008425001075630679
0.0005574068855875646
-0.00023572719021729843
0.00215420749933929
-6.054676540276471e-05
-0.00044406656709861125
3.8425844956343234e-05
0.0004310700172985427
-0.00024431677706264617
-0.0005692932622203306
-0.0022850891248324136
0.0015216120100271014
0.001704267055446562
