ymean/lamm -1.6884643762373717 1e-06
feadim/weights 36
0.04
0.04
3e-06
3e-06
3e-06
3e-06
3e-06
3e-06
3e-06
3e-06
3e-06
3e-06
3e-06
3e-06
3e-06
3e-06
3e-06
3e-06
3e-06
3e-06
3e-06
3e-06
3e-06
3e-06
3e-06
3e-06
3e-06
3e-06
3e-06
3e-06
3e-06
3e-06
3e-06
3e-06
3e-06
3e-06
2440.7230300321316
8509.223026831656
6168.5260241044125
-13017.915652174292
2140.3795975883077
-2669.541450429555
30.37801596755162
1093.4450386523895
1436.3021253020906
-4234.622914534757
-1092.7626425902272
9974.964872634722
2556.9959001311786
8408.520911353802
5536.167564283125
13693.765925944033
-8035.505084124784
5571.595087387788
-2506.7282929850626
-7053.175670738587
-496.51035553625115
12380.06487939951
13278.569769732878
-899.7215007755512
-5197.698080304435
-9269.993242820281
-35.05853304377524
-1310.177646290631
-989.7154195035582
-4002.112760985714
-65.82853697762039
-501.94610702474347
228.98120342250058
-4.634574529794918
12.945425373827675
864.7397961686365
4050.624963905051
1248.02215134594
-2096.695373741466
2388.330625752342
-4749.179307696853
2904.263959581015
3513.6942638352994
1271.2921429198977
-2071.7653715522683
2916.7039696259744
2391.6458347773837
3574.9242715898054
-1299.2184481861623
-1322.7384482853522
-1695.0659380639354
166.69388315542892
4302.300290704225
1033.2332495979826
7315.91206490663
5568.550081588319
5798.042942901977
5174.162035433484
5639.920074604852
5623.852942838261
5482.702039391486
469.59337023453554
451.8833702079555
4086.8772856357464
-126.70553378610657
3274.386250038722
-286.0856180219562
-197.8456288269058
-3389.683172664001
-1353.87764733547
-980.1454207612042
-313.40474041812604
2356.787383986346
-238.98224509441616
1056.5163808193747
1527.8043635931372
-265.732243095239
2335.367383297589
4162.623453561999
-3932.6834635130217
-3911.553456451864
-352.8347265368834
-3129.058506654721
-0.8071974013400904
-316.75526234530116
6066.496244646434
1043.1331261485248
-3279.177981454448
1727.9884208830017
-3648.8882717342767
1269.277202624962
1079.1331140903112
1337.0672028856454
1697.3184215922247
-2518.6601005416487
419.80583383799967
226.11582761494356
-2411.7899310330504
3387.014952669965
2834.4712674669026
-4343.607021333835
2199.4332015430646
-4202.294080510823
-3010.564250701158
-1995.0978792860624
2237.0432071017804
327.43723390788546
-374.5392660631842
-6712.079125551747
-4226.76409928819
-3517.3993191939007
-3467.7293253233584
-1042.5193588394468
822.5263633193517
1524.5343541797115
-568.1751054907218
-542.1951058726845
1030.3642727401966
-232.87794651556032
939.0642723886413
621.5542694599862
1882.1714197704714
-774.6957298769994
-123.4752265013667
280.8347776104638
-26.565110319279484
-1259.5552225039937
-4277.419044505659
1805.3582638319567
1300.2882578583958
1996.0982579120173
-3117.389039015059
284.5643026618927
1179.5153298361447
-849.7390438638322
3590.7782579797713
3449.298256655591
-91.80466843789873
621.104308390255
-406.4046684598443
-679.4056941129784
-463.22123373312934
-1414.391746782796
2847.3187412578245
2315.2887420013553
-53.31113071547588
369.83888606205437
1062.0588861380384
56.64876117791573
-1604.608639488968
2629.8788862899273
2921.8888863094016
-558.0932228862248
-1642.1986519941056
-1679.6446835206189
-1414.404682484008
-1371.9946814469586
-2368.441756538532
-2117.8479457619906
-1759.9717696603275
-788.411768525646
-15644.517761075633
872.94449426551
-1487.3779462110833
2185.121420142663
456.3442647711345
-481.22354194085165
-52.98950300632896
66.480507909474
1131.1011542655979
-25.80950319783824
1698.6411723490942
1392.8211733755452
42.179337998168194
-504.9035545143597
-2348.920651204342
3050.9177980932373
-3318.3182141930133
1425.5304750424666
1544.8904590650204
778.7804653511448
-2863.3282155147876
1588.1904654341497
891.4817815851238
-1127.0419632368084
-761.649332355843
-1044.411966640877
1222.2904649030943
1138.8904639876446
-5648.278215589195
-631.5519611725067
2420.931785526789
-1868.9419662826058
-1733.7219601243705
2443.6817853777575
-760.5693300691019
2883.6907400105774
1476.0956880939266
1654.1356881171596
1331.4056880971766
184.20863729038683
821.9186373112116
-1370.7817887778583
259.0986506227928
-1103.5817887465982
931.6286506803754
1172.453999990883
-893.1717887070554
-55.96134936652379
-7.591349388801973
-1095.1660001932833
-2738.1060003109305
2991.4175090512726
1685.3475089360945
1916.094630568762
-547.0573874391293
1481.1446305056224
7358.9115724827425
2036.6994371171677
-273.72738743203627
1381.1111705961412
1271.0111706149191
-2766.8778824376163
419.73330149902404
-116.55367983577707
588.0972269493182
-1871.7617142395866
-3975.2737201322952
-1783.2056028703428
-1504.5256028655317
1171.5352006147475
1056.8852006066045
2343.3668275999116
-987.7248438006991
2955.6072847379364
96.77632016173266
3562.2505433747547
333.6572001392651
3475.8483993702775
-1370.2441114362955
-412.80107957773
1385.841057146783
-807.564451669019
268.0772001464502
-1427.5141114263606
-212.29444755224904
3476.878399334788
1532.53105716782
-911.0744516799678
2465.9487227451536
2412.588722730892
-5158.860306495782
3195.39794992518
-2826.98045112026
-2447.9604510917416
-11804.318884868491
-6650.921277322115
-2326.365877722994
-197.2160357580742
-6629.6412772936965
-2271.135877701432
-1742.3427540308294
-1736.5027540308802
121.02772721385281
375.13115904403367
1671.1259193994192
-184.53603575946818
1672.195918658219
2340.2008225867194
3223.4220673160617
-521.7752518229809
-2595.199988979304
2975.4600612217455
-2620.069988985755
-548.7452599041953
-1494.7124459858023
2969.7000611994135
-2144.9379641217774
209.68891756041558
2149.4655869431554
-2778.603943082704
-1109.6757823974658
-1263.515801942192
-3306.5164826751716
-707.6740789579908
-2842.388477244429
-1730.4747359560643
385.9457456732016
-2812.8462971617337
-2933.8962971901674
6215.31563552174
4151.874281480916
-118.36427812769398
-1838.7597696249231
-1725.2749778637954
-1671.2097695965003
1084.0000853092097
-1651.534977852949
1338.7403711178085
2319.981014314361
-3700.6818844825175
1615.473199361004
-2799.5186911206474
-2597.0586911069595
3840.5567268963014
-7974.55485781579
1540.7131993650837
2309.315729522873
-1323.6621675002198
-1424.7521674954714
-1319.029963773046
-313.96621036867145
-286.0462103868813
2720.212327378169
3911.635839515169
931.5614616567909
1200.3514616858592
-3382.386125376761
1470.7756382689058
662.0181086702687
863.301201085007
783.0912010569082
6426.32624595585
-192.06757674905384
772.777305425534
-811.9462201609422
-663.3662201190873
-660.4329897377283
-6507.34948695037
-6162.099486940977
-2014.2405529985626
281.0096540057275
-5551.312082744331
-2899.357948153385
-8847.102930433146
-1144.5594239351994
815.0073053919987
-1287.789423910508
188.49889754285687
370.18964186516314
-255.04879586855168
3561.739833685365
-609.3556152253504
-648.8856152663648
1560.4961605878634
1068.7024883830964
1059.262497244199
-5594.8152486843765
150.26889753848081
-1937.3492774788947
3293.467573978478
3412.1175739501596
1122.85165495513
1973.7535866099279
4.741929678177257
1026.2216549740097
-1322.6504198774728
2387.032431591075
-503.0542832980427
-636.3842832919327
-3752.2062759044056
-889.5353895940971
-7861.516033584499
-6471.447768202401
-1309.3230017418246
-7903.14603361467
-1819.4030017817386
-5220.93213781598
-1067.229675825096
-997.499675812629
-1677.8092788312642
-1555.4892788185243
7063.753680161222
1245.9777622194815
1337.4677622438649
-1113.0505325561717
1829.9145622315446
1850.35928040187
-2140.83104304043
-214.89029188234053
-1099.0305408859713
1780.6745622460694
4408.717667001118
-94.11029186926316
-1960.561043010087
-208.6389499328434
-1456.0859758929873
-1521.2559758975212
4231.666116295024
-3380.0750295355574
-978.9944575636023
-1868.6017142339788
715.8472269785452
-2722.5048682445813
10944.738939655665
-1730.5873640212885
refpoints
2.0
1.0
12.0
0.0
12.0
3.0
0.0
6.0
21.0
8.0
16.0
15.0
6.0
6.0
22.0
1.0
14.0
0.0
15.0
0.0
24.0
0.0
9.0
0.0
39.0
9.0
32.0
0.0
12.0
16.0
15.0
0.0
3.0
0.0
6.0
6.0
2.0
1.0
12.0
0.0
12.0
3.0
0.0
6.0
21.0
8.0
16.0
15.0
6.0
6.0
22.0
1.0
14.0
0.0
15.0
0.0
24.0
0.0
9.0
0.0
39.0
9.0
32.0
0.0
12.0
16.0
15.0
0.0
3.0
0.0
6.0
6.0
2.0
1.0
15.0
0.0
9.0
5.0
0.0
4.0
14.0
6.0
25.0
9.0
7.0
11.0
24.0
4.0
9.0
0.0
24.0
2.0
12.0
0.0
10.0
0.0
34.0
2.0
30.0
0.0
28.0
14.0
9.0
2.0
5.0
0.0
7.0
7.0
2.0
1.0
15.0
0.0
9.0
5.0
0.0
4.0
12.0
8.0
25.0
15.0
4.0
8.0
24.0
4.0
9.0
0.0
24.0
2.0
12.0
0.0
10.0
0.0
29.0
3.0
31.0
0.0
27.0
18.0
15.0
2.0
2.0
0.0
7.0
4.0
2.0
1.0
16.0
0.0
8.0
5.0
0.0
4.0
14.0
7.0
24.0
9.0
7.0
11.0
24.0
6.0
7.0
0.0
23.0
3.0
10.0
0.0
11.0
1.0
32.0
4.0
26.0
0.0
30.0
16.0
9.0
2.0
4.0
0.0
8.0
7.0
3.0
0.0
21.0
0.0
3.0
9.0
0.0
0.0
38.0
0.0
7.0
24.0
0.0
3.0
6.0
30.0
1.0
0.0
6.0
30.0
0.0
0.0
0.0
12.0
18.0
58.0
0.0
0.0
14.0
18.0
6.0
18.0
0.0
0.0
3.0
3.0
3.0
0.0
21.0
0.0
3.0
9.0
0.0
0.0
36.0
0.0
9.0
24.0
0.0
3.0
6.0
30.0
1.0
0.0
6.0
30.0
0.0
0.0
0.0
12.0
18.0
54.0
0.0
0.0
18.0
18.0
6.0
18.0
0.0
0.0
3.0
3.0
3.0
0.0
21.0
0.0
3.0
9.0
0.0
0.0
34.0
0.0
11.0
24.0
0.0
3.0
6.0
30.0
1.0
0.0
6.0
30.0
0.0
0.0
0.0
12.0
18.0
50.0
0.0
0.0
22.0
18.0
6.0
18.0
0.0
0.0
3.0
3.0
3.0
0.0
0.0
0.0
24.0
0.0
0.0
9.0
4.0
0.0
41.0
6.0
0.0
21.0
0.0
0.0
37.0
0.0
0.0
0.0
48.0
0.0
0.0
0.0
8.0
0.0
100.0
0.0
0.0
0.0
6.0
0.0
24.0
0.0
0.0
0.0
0.0
3.0
0.0
24.0
0.0
0.0
9.0
0.0
5.0
40.0
0.0
3.0
24.0
0.0
0.0
0.0
0.0
37.0
0.0
0.0
0.0
48.0
0.0
0.0
0.0
10.0
0.0
98.0
0.0
0.0
0.0
3.0
0.0
27.0
0.0
0.0
0.0
3.0
4.0
20.0
0.0
4.0
5.0
0.0
21.0
24.0
0.0
9.0
18.0
0.0
1.0
11.0
0.0
25.0
3.0
18.0
0.0
25.0
0.0
2.0
7.0
41.0
0.0
54.0
0.0
6.0
2.0
7.0
0.0
19.0
0.0
2.0
0.0
3.0
14.0
10.0
0.0
5.0
4.0
0.0
39.0
6.0
0.0
19.0
8.0
0.0
12.0
18.0
0.0
7.0
14.0
11.0
0.0
14.0
6.0
3.0
39.0
51.0
0.0
7.0
5.0
6.0
11.0
8.0
0.0
5.0
3.0
3.0
0.0
3.0
2.0
22.0
0.0
1.0
8.0
0.0
8.0
37.0
0.0
7.0
20.0
0.0
0.0
6.0
0.0
31.0
1.0
5.0
0.0
41.0
0.0
1.0
0.0
20.0
0.0
82.0
0.0
6.0
0.0
7.0
0.0
21.0
0.0
2.0
0.0
3.0
0.0
24.0
0.0
2.0
7.0
0.0
13.0
32.0
0.0
5.0
22.0
0.0
0.0
0.0
0.0
37.0
0.0
8.0
0.0
40.0
0.0
0.0
0.0
26.0
0.0
82.0
0.0
0.0
0.0
5.0
0.0
25.0
0.0
0.0
0.0
3.0
8.0
16.0
0.0
1.0
8.0
0.0
14.0
31.0
0.0
13.0
14.0
0.0
4.0
14.0
0.0
19.0
0.0
12.0
0.0
28.0
0.0
8.0
7.0
33.0
0.0
49.0
2.0
17.0
4.0
11.0
0.0
10.0
1.0
4.0
0.0
3.0
9.0
15.0
0.0
6.0
3.0
0.0
28.0
17.0
0.0
15.0
12.0
0.0
6.0
14.0
0.0
17.0
10.0
22.0
0.0
15.0
1.0
0.0
19.0
49.0
0.0
29.0
2.0
9.0
6.0
11.0
0.0
9.0
1.0
3.0
0.0
3.0
6.0
18.0
0.0
0.0
9.0
0.0
14.0
31.0
0.0
9.0
18.0
0.0
2.0
12.0
0.0
23.0
0.0
6.0
0.0
36.0
0.0
6.0
4.0
34.0
0.0
55.0
1.0
14.0
1.0
10.0
0.0
13.0
1.0
5.0
0.0
3.0
2.0
22.0
0.0
0.0
9.0
0.0
15.0
30.0
0.0
7.0
20.0
0.0
0.0
7.0
0.0
30.0
0.0
3.0
0.0
42.0
0.0
3.0
2.0
30.0
0.0
71.0
0.0
5.0
0.0
7.0
0.0
21.0
0.0
2.0
0.0
3.0
7.0
17.0
0.0
5.0
4.0
0.0
29.0
16.0
0.0
11.0
16.0
0.0
5.0
14.0
0.0
18.0
8.0
22.0
0.0
16.0
0.0
2.0
16.0
50.0
0.0
34.0
0.0
8.0
3.0
8.0
0.0
15.0
0.0
4.0
0.0
3.0
1.0
23.0
0.0
3.0
6.0
0.0
12.0
33.0
0.0
3.0
24.0
0.0
0.0
4.0
0.0
33.0
1.0
13.0
0.0
33.0
0.0
1.0
2.0
22.0
0.0
82.0
0.0
2.0
0.0
3.0
0.0
26.0
0.0
1.0
0.0
3.0
11.0
13.0
0.0
0.0
9.0
0.0
24.0
21.0
0.0
19.0
8.0
0.0
7.0
16.0
0.0
14.0
0.0
11.0
0.0
26.0
0.0
11.0
23.0
37.0
0.0
33.0
5.0
10.0
10.0
9.0
0.0
7.0
3.0
1.0
0.0
3.0
14.0
10.0
0.0
5.0
4.0
0.0
39.0
6.0
0.0
19.0
8.0
0.0
12.0
18.0
0.0
7.0
14.0
11.0
0.0
14.0
6.0
3.0
39.0
51.0
0.0
7.0
5.0
6.0
11.0
8.0
0.0
5.0
3.0
3.0
0.0
3.0
3.0
21.0
0.0
2.0
7.0
0.0
19.0
26.0
0.0
7.0
20.0
0.0
0.0
11.0
0.0
26.0
1.0
12.0
0.0
31.0
0.0
4.0
5.0
35.0
0.0
62.0
0.0
6.0
0.0
7.0
0.0
20.0
0.0
3.0
0.0
3.0
14.0
10.0
0.0
0.0
9.0
0.0
27.0
18.0
0.0
19.0
8.0
0.0
13.0
15.0
0.0
9.0
0.0
8.0
0.0
20.0
4.0
16.0
24.0
42.0
0.0
16.0
6.0
20.0
11.0
8.0
0.0
5.0
3.0
3.0
0.0
3.0
8.0
16.0
0.0
4.0
5.0
0.0
27.0
18.0
0.0
11.0
16.0
0.0
6.0
14.0
0.0
17.0
8.0
15.0
0.0
20.0
2.0
3.0
17.0
45.0
0.0
35.0
1.0
10.0
2.0
11.0
0.0
11.0
0.0
6.0
2.0
1.0
11.0
1.0
12.0
3.0
2.0
4.0
25.0
5.0
15.0
9.0
9.0
9.0
19.0
4.0
14.0
0.0
14.0
2.0
17.0
1.0
7.0
7.0
48.0
10.0
26.0
0.0
14.0
10.0
7.0
2.0
8.0
1.0
4.0
8.0
2.0
1.0
13.0
1.0
10.0
2.0
3.0
4.0
25.0
5.0
15.0
9.0
9.0
9.0
26.0
4.0
7.0
0.0
7.0
3.0
14.0
1.0
10.0
13.0
48.0
12.0
17.0
0.0
20.0
11.0
6.0
3.0
7.0
1.0
5.0
8.0
1.0
2.0
14.0
4.0
6.0
6.0
2.0
1.0
20.0
15.0
10.0
18.0
9.0
0.0
19.0
10.0
7.0
1.0
20.0
8.0
5.0
1.0
7.0
7.0
32.0
16.0
16.0
6.0
14.0
24.0
12.0
6.0
1.0
2.0
2.0
7.0
2.0
1.0
11.0
2.0
11.0
4.0
2.0
3.0
25.0
5.0
15.0
9.0
9.0
9.0
18.0
8.0
11.0
0.0
16.0
6.0
12.0
2.0
6.0
6.0
44.0
14.0
23.0
3.0
15.0
9.0
6.0
3.0
8.0
2.0
4.0
7.0
2.0
1.0
11.0
2.0
11.0
4.0
2.0
3.0
25.0
5.0
15.0
9.0
9.0
9.0
18.0
8.0
11.0
0.0
15.0
3.0
12.0
3.0
8.0
7.0
42.0
18.0
23.0
0.0
14.0
11.0
7.0
2.0
7.0
2.0
5.0
7.0
2.0
1.0
13.0
1.0
10.0
2.0
3.0
4.0
25.0
5.0
15.0
9.0
9.0
9.0
26.0
4.0
7.0
0.0
7.0
3.0
14.0
1.0
10.0
13.0
48.0
12.0
17.0
0.0
20.0
11.0
6.0
3.0
7.0
1.0
5.0
8.0
2.0
1.0
11.0
2.0
11.0
6.0
1.0
2.0
15.0
10.0
20.0
27.0
0.0
0.0
23.0
4.0
9.0
1.0
22.0
8.0
8.0
0.0
6.0
4.0
26.0
12.0
32.0
4.0
16.0
18.0
19.0
8.0
2.0
0.0
1.0
0.0
2.0
1.0
9.0
3.0
12.0
8.0
0.0
1.0
15.0
10.0
20.0
27.0
0.0
0.0
15.0
8.0
13.0
1.0
25.0
9.0
8.0
1.0
4.0
1.0
30.0
10.0
32.0
7.0
15.0
14.0
19.0
8.0
2.0
0.0
1.0
0.0
3.0
0.0
8.0
0.0
16.0
6.0
0.0
3.0
20.0
0.0
25.0
18.0
0.0
9.0
22.0
2.0
13.0
0.0
21.0
7.0
13.0
0.0
5.0
2.0
40.0
10.0
37.0
0.0
18.0
3.0
13.0
5.0
9.0
0.0
3.0
0.0
3.0
0.0
8.0
0.0
16.0
6.0
0.0
3.0
20.0
0.0
25.0
18.0
0.0
9.0
22.0
2.0
13.0
0.0
21.0
7.0
13.0
0.0
5.0
2.0
40.0
10.0
37.0
0.0
18.0
3.0
13.0
5.0
9.0
0.0
3.0
0.0
3.0
0.0
8.0
0.0
16.0
6.0
0.0
3.0
20.0
0.0
25.0
18.0
0.0
9.0
22.0
2.0
13.0
0.0
18.0
6.0
14.0
0.0
6.0
4.0
44.0
8.0
34.0
0.0
20.0
2.0
14.0
4.0
8.0
0.0
4.0
0.0
1.0
2.0
16.0
4.0
4.0
1.0
5.0
3.0
30.0
10.0
5.0
0.0
18.0
9.0
21.0
14.0
2.0
0.0
3.0
3.0
8.0
5.0
12.0
17.0
40.0
30.0
3.0
0.0
14.0
21.0
0.0
0.0
5.0
5.0
7.0
13.0
1.0
2.0
14.0
5.0
5.0
5.0
3.0
1.0
20.0
15.0
10.0
18.0
9.0
0.0
18.0
14.0
4.0
1.0
16.0
10.0
3.0
3.0
7.0
9.0
28.0
20.0
13.0
9.0
15.0
23.0
11.0
7.0
1.0
3.0
2.0
6.0
1.0
2.0
14.0
5.0
5.0
5.0
3.0
1.0
20.0
15.0
10.0
18.0
9.0
0.0
18.0
14.0
4.0
1.0
13.0
9.0
4.0
3.0
8.0
11.0
32.0
18.0
10.0
9.0
17.0
22.0
10.0
8.0
1.0
2.0
2.0
7.0
1.0
2.0
12.0
6.0
6.0
7.0
2.0
0.0
20.0
15.0
10.0
18.0
9.0
0.0
13.0
15.0
7.0
2.0
19.0
11.0
3.0
4.0
5.0
6.0
26.0
24.0
16.0
9.0
11.0
22.0
11.0
7.0
1.0
3.0
2.0
6.0
2.0
1.0
9.0
2.0
13.0
7.0
0.0
2.0
15.0
10.0
20.0
27.0
0.0
0.0
16.0
4.0
16.0
1.0
26.0
6.0
12.0
0.0
4.0
0.0
30.0
8.0
38.0
4.0
12.0
16.0
21.0
6.0
2.0
0.0
1.0
0.0
2.0
1.0
11.0
3.0
10.0
5.0
2.0
2.0
25.0
5.0
15.0
9.0
9.0
9.0
18.0
10.0
8.0
1.0
15.0
9.0
9.0
4.0
5.0
6.0
38.0
22.0
20.0
3.0
15.0
10.0
6.0
3.0
7.0
3.0
5.0
6.0
2.0
1.0
13.0
2.0
9.0
3.0
3.0
3.0
25.0
5.0
15.0
9.0
9.0
9.0
23.0
9.0
5.0
0.0
8.0
4.0
10.0
4.0
10.0
12.0
42.0
20.0
14.0
0.0
20.0
12.0
6.0
3.0
6.0
2.0
6.0
7.0
1.0
2.0
14.0
5.0
5.0
5.0
3.0
1.0
20.0
15.0
10.0
18.0
9.0
0.0
18.0
14.0
4.0
1.0
16.0
10.0
3.0
3.0
7.0
9.0
28.0
20.0
13.0
9.0
15.0
23.0
11.0
7.0
1.0
3.0
2.0
6.0
1.0
2.0
14.0
5.0
5.0
5.0
3.0
1.0
20.0
15.0
10.0
18.0
9.0
0.0
18.0
14.0
4.0
1.0
13.0
9.0
4.0
3.0
8.0
11.0
32.0
18.0
10.0
9.0
17.0
22.0
10.0
8.0
1.0
2.0
2.0
7.0
2.0
1.0
11.0
3.0
10.0
5.0
2.0
2.0
25.0
5.0
15.0
9.0
9.0
9.0
18.0
10.0
8.0
1.0
15.0
9.0
9.0
4.0
5.0
6.0
38.0
22.0
20.0
3.0
15.0
10.0
6.0
3.0
7.0
3.0
5.0
6.0
2.0
1.0
13.0
2.0
9.0
3.0
3.0
3.0
25.0
5.0
15.0
9.0
9.0
9.0
23.0
9.0
5.0
0.0
9.0
7.0
10.0
3.0
8.0
11.0
44.0
16.0
14.0
3.0
21.0
10.0
5.0
4.0
7.0
2.0
5.0
7.0
2.0
1.0
13.0
2.0
9.0
3.0
3.0
3.0
25.0
5.0
15.0
9.0
9.0
9.0
23.0
9.0
5.0
0.0
8.0
4.0
10.0
4.0
10.0
12.0
42.0
20.0
14.0
0.0
20.0
12.0
6.0
3.0
6.0
2.0
6.0
7.0
2.0
1.0
11.0
3.0
10.0
7.0
1.0
1.0
15.0
10.0
20.0
27.0
0.0
0.0
20.0
9.0
7.0
1.0
21.0
11.0
5.0
2.0
5.0
4.0
26.0
14.0
26.0
7.0
19.0
16.0
17.0
10.0
2.0
0.0
1.0
0.0
2.0
1.0
11.0
3.0
10.0
7.0
1.0
1.0
15.0
10.0
20.0
27.0
0.0
0.0
20.0
9.0
7.0
1.0
21.0
11.0
5.0
2.0
5.0
4.0
26.0
14.0
26.0
7.0
19.0
16.0
17.0
10.0
2.0
0.0
1.0
0.0
3.0
0.0
10.0
0.0
14.0
7.0
0.0
2.0
20.0
0.0
25.0
18.0
0.0
9.0
25.0
4.0
8.0
0.0
18.0
12.0
10.0
0.0
4.0
4.0
40.0
12.0
28.0
0.0
24.0
4.0
12.0
6.0
8.0
0.0
4.0
0.0
0.0
3.0
15.0
9.0
0.0
4.0
5.0
0.0
25.0
20.0
0.0
9.0
18.0
0.0
13.0
21.0
0.0
3.0
8.0
14.0
0.0
6.0
6.0
14.0
24.0
34.0
0.0
14.0
8.0
28.0
5.0
4.0
0.0
8.0
3.0
10.0
0.0
3.0
15.0
9.0
0.0
4.0
5.0
0.0
25.0
20.0
0.0
9.0
18.0
0.0
13.0
21.0
0.0
3.0
7.0
11.0
0.0
7.0
8.0
15.0
22.0
38.0
0.0
11.0
7.0
30.0
4.0
5.0
0.0
7.0
3.0
11.0
1.0
2.0
14.0
6.0
4.0
2.0
5.0
2.0
30.0
10.0
5.0
0.0
18.0
9.0
16.0
17.0
2.0
2.0
3.0
9.0
7.0
8.0
7.0
14.0
36.0
34.0
3.0
6.0
12.0
17.0
0.0
0.0
5.0
7.0
7.0
11.0
1.0
2.0
16.0
5.0
3.0
0.0
6.0
3.0
30.0
10.0
5.0
0.0
18.0
9.0
18.0
19.0
0.0
0.0
0.0
0.0
6.0
10.0
14.0
18.0
34.0
38.0
0.0
0.0
14.0
22.0
0.0
0.0
4.0
6.0
8.0
12.0
1.0
2.0
12.0
7.0
5.0
6.0
3.0
0.0
20.0
15.0
10.0
18.0
9.0
0.0
13.0
17.0
4.0
3.0
15.0
13.0
2.0
7.0
4.0
7.0
22.0
28.0
13.0
12.0
12.0
21.0
10.0
8.0
1.0
4.0
2.0
5.0
1.0
2.0
12.0
7.0
5.0
6.0
3.0
0.0
20.0
15.0
10.0
18.0
9.0
0.0
13.0
17.0
4.0
3.0
12.0
12.0
3.0
7.0
5.0
9.0
26.0
26.0
10.0
12.0
14.0
20.0
9.0
9.0
1.0
3.0
2.0
6.0
2.0
1.0
13.0
3.0
8.0
4.0
3.0
2.0
25.0
5.0
15.0
9.0
9.0
9.0
21.0
12.0
3.0
1.0
8.0
10.0
8.0
6.0
6.0
10.0
38.0
24.0
11.0
3.0
21.0
11.0
5.0
4.0
6.0
3.0
6.0
6.0
1.0
2.0
12.0
7.0
5.0
6.0
3.0
0.0
20.0
15.0
10.0
18.0
9.0
0.0
13.0
17.0
4.0
3.0
15.0
13.0
2.0
7.0
4.0
7.0
22.0
28.0
13.0
12.0
12.0
21.0
10.0
8.0
1.0
4.0
2.0
5.0
1.0
2.0
12.0
7.0
5.0
6.0
3.0
0.0
20.0
15.0
10.0
18.0
9.0
0.0
13.0
17.0
4.0
3.0
12.0
12.0
3.0
7.0
5.0
9.0
26.0
26.0
10.0
12.0
14.0
20.0
9.0
9.0
1.0
3.0
2.0
6.0
2.0
1.0
13.0
3.0
8.0
4.0
3.0
2.0
25.0
5.0
15.0
9.0
9.0
9.0
21.0
12.0
3.0
1.0
8.0
10.0
8.0
6.0
6.0
10.0
38.0
24.0
11.0
3.0
21.0
11.0
5.0
4.0
6.0
3.0
6.0
6.0
0.0
3.0
13.0
11.0
0.0
3.0
6.0
0.0
25.0
20.0
0.0
9.0
18.0
0.0
8.0
24.0
0.0
5.0
5.0
11.0
0.0
13.0
6.0
13.0
18.0
42.0
0.0
17.0
5.0
26.0
4.0
5.0
0.0
9.0
3.0
9.0
0.0
3.0
13.0
11.0
0.0
3.0
6.0
0.0
25.0
20.0
0.0
9.0
18.0
0.0
8.0
24.0
0.0
5.0
5.0
11.0
0.0
13.0
6.0
13.0
18.0
42.0
0.0
17.0
5.0
26.0
4.0
5.0
0.0
9.0
3.0
9.0
0.0
3.0
13.0
11.0
0.0
3.0
6.0
0.0
25.0
20.0
0.0
9.0
18.0
0.0
8.0
24.0
0.0
5.0
4.0
8.0
0.0
14.0
8.0
14.0
16.0
46.0
0.0
14.0
4.0
28.0
3.0
6.0
0.0
8.0
3.0
10.0
3.0
0.0
6.0
0.0
18.0
5.0
0.0
4.0
20.0
0.0
25.0
18.0
0.0
9.0
17.0
1.0
19.0
0.0
19.0
3.0
19.0
0.0
5.0
2.0
44.0
6.0
43.0
0.0
14.0
1.0
15.0
3.0
9.0
0.0
3.0
0.0
1.0
2.0
14.0
7.0
3.0
1.0
6.0
2.0
30.0
10.0
5.0
0.0
18.0
9.0
14.0
20.0
0.0
3.0
0.0
6.0
6.0
14.0
8.0
14.0
30.0
42.0
0.0
6.0
12.0
18.0
0.0
0.0
4.0
8.0
8.0
10.0
1.0
2.0
12.0
8.0
4.0
5.0
4.0
0.0
20.0
15.0
10.0
18.0
9.0
0.0
11.0
20.0
2.0
4.0
10.0
12.0
2.0
12.0
4.0
8.0
22.0
30.0
7.0
15.0
15.0
19.0
8.0
10.0
1.0
4.0
2.0
5.0
1.0
2.0
12.0
8.0
4.0
5.0
4.0
0.0
20.0
15.0
10.0
18.0
9.0
0.0
11.0
20.0
2.0
4.0
10.0
12.0
2.0
12.0
4.0
8.0
22.0
30.0
7.0
15.0
15.0
19.0
8.0
10.0
1.0
4.0
2.0
5.0
0.0
3.0
11.0
13.0
0.0
2.0
7.0
0.0
25.0
20.0
0.0
9.0
18.0
0.0
4.0
25.0
0.0
8.0
4.0
6.0
0.0
22.0
6.0
10.0
12.0
50.0
0.0
20.0
2.0
24.0
3.0
6.0
0.0
10.0
3.0
8.0
1.0
2.0
14.0
4.0
6.0
6.0
2.0
1.0
20.0
15.0
10.0
18.0
9.0
0.0
19.0
10.0
7.0
1.0
20.0
8.0
5.0
1.0
7.0
7.0
32.0
16.0
16.0
6.0
14.0
24.0
12.0
6.0
1.0
2.0
2.0
7.0
2.0
1.0
11.0
2.0
11.0
4.0
2.0
3.0
25.0
5.0
15.0
9.0
9.0
9.0
18.0
8.0
11.0
0.0
16.0
6.0
12.0
2.0
6.0
6.0
44.0
14.0
23.0
3.0
15.0
9.0
6.0
3.0
8.0
2.0
4.0
7.0
2.0
1.0
12.0
4.0
8.0
5.0
0.0
4.0
20.0
10.0
15.0
18.0
0.0
9.0
20.0
11.0
4.0
2.0
12.0
10.0
12.0
2.0
8.0
4.0
30.0
22.0
15.0
7.0
19.0
15.0
10.0
8.0
4.0
1.0
5.0
2.0
2.0
1.0
14.0
4.0
6.0
4.0
1.0
4.0
20.0
10.0
15.0
18.0
0.0
9.0
19.0
15.0
1.0
2.0
9.0
11.0
7.0
2.0
11.0
8.0
22.0
28.0
12.0
7.0
21.0
18.0
9.0
9.0
3.0
1.0
6.0
2.0
2.0
1.0
12.0
5.0
7.0
6.0
0.0
3.0
20.0
10.0
15.0
18.0
0.0
9.0
17.0
13.0
3.0
4.0
13.0
15.0
7.0
2.0
7.0
4.0
28.0
22.0
12.0
13.0
21.0
12.0
8.0
10.0
4.0
1.0
5.0
2.0
1.0
2.0
13.0
8.0
3.0
4.0
2.0
3.0
25.0
15.0
5.0
9.0
9.0
9.0
12.0
21.0
1.0
3.0
10.0
8.0
6.0
8.0
10.0
6.0
24.0
38.0
3.0
11.0
11.0
21.0
4.0
5.0
3.0
6.0
6.0
6.0
2.0
1.0
12.0
5.0
7.0
6.0
0.0
3.0
20.0
10.0
15.0
18.0
0.0
9.0
17.0
13.0
3.0
4.0
12.0
12.0
7.0
3.0
9.0
5.0
26.0
26.0
12.0
10.0
20.0
14.0
9.0
9.0
3.0
1.0
6.0
2.0
2.0
1.0
12.0
5.0
7.0
6.0
0.0
3.0
20.0
10.0
15.0
18.0
0.0
9.0
17.0
13.0
3.0
4.0
13.0
15.0
7.0
2.0
7.0
4.0
28.0
22.0
12.0
13.0
21.0
12.0
8.0
10.0
4.0
1.0
5.0
2.0
2.0
1.0
14.0
4.0
6.0
4.0
1.0
4.0
20.0
10.0
15.0
18.0
0.0
9.0
19.0
15.0
1.0
2.0
9.0
11.0
7.0
2.0
11.0
8.0
22.0
28.0
12.0
7.0
21.0
18.0
9.0
9.0
3.0
1.0
6.0
2.0
2.0
1.0
16.0
3.0
5.0
0.0
3.0
6.0
30.0
5.0
10.0
0.0
9.0
18.0
19.0
18.0
0.0
0.0
0.0
0.0
10.0
6.0
18.0
14.0
38.0
34.0
0.0
0.0
22.0
14.0
0.0
0.0
6.0
4.0
12.0
8.0
2.0
1.0
14.0
4.0
6.0
2.0
2.0
5.0
30.0
5.0
10.0
0.0
9.0
18.0
17.0
16.0
2.0
2.0
9.0
3.0
8.0
7.0
14.0
7.0
34.0
36.0
6.0
3.0
17.0
12.0
0.0
0.0
7.0
5.0
11.0
7.0
2.0
1.0
14.0
4.0
6.0
2.0
2.0
5.0
30.0
5.0
10.0
0.0
9.0
18.0
17.0
16.0
2.0
2.0
9.0
3.0
8.0
7.0
14.0
7.0
34.0
36.0
6.0
3.0
17.0
12.0
0.0
0.0
7.0
5.0
11.0
7.0
2.0
1.0
12.0
4.0
8.0
5.0
0.0
4.0
20.0
10.0
15.0
18.0
0.0
9.0
20.0
11.0
4.0
2.0
12.0
10.0
12.0
2.0
8.0
4.0
30.0
22.0
15.0
7.0
19.0
15.0
10.0
8.0
4.0
1.0
5.0
2.0
3.0
0.0
15.0
0.0
9.0
4.0
0.0
5.0
25.0
0.0
20.0
9.0
0.0
18.0
21.0
13.0
3.0
0.0
11.0
7.0
7.0
0.0
15.0
8.0
38.0
22.0
11.0
0.0
30.0
7.0
5.0
4.0
7.0
0.0
11.0
3.0
3.0
0.0
15.0
0.0
9.0
4.0
0.0
5.0
25.0
0.0
20.0
9.0
0.0
18.0
21.0
13.0
3.0
0.0
14.0
8.0
6.0
0.0
14.0
6.0
34.0
24.0
14.0
0.0
28.0
8.0
4.0
5.0
8.0
0.0
10.0
3.0
0.0
3.0
10.0
14.0
0.0
7.0
2.0
0.0
20.0
25.0
0.0
18.0
9.0
0.0
4.0
25.0
0.0
8.0
12.0
18.0
0.0
10.0
4.0
4.0
12.0
40.0
0.0
28.0
4.0
24.0
6.0
12.0
0.0
8.0
0.0
4.0
1.0
2.0
13.0
9.0
2.0
3.0
3.0
3.0
25.0
15.0
5.0
9.0
9.0
9.0
9.0
23.0
0.0
5.0
4.0
8.0
4.0
10.0
12.0
10.0
20.0
42.0
0.0
14.0
12.0
20.0
3.0
6.0
2.0
6.0
7.0
6.0
1.0
2.0
13.0
9.0
2.0
3.0
3.0
3.0
25.0
15.0
5.0
9.0
9.0
9.0
9.0
23.0
0.0
5.0
7.0
9.0
3.0
10.0
11.0
8.0
16.0
44.0
3.0
14.0
10.0
21.0
4.0
5.0
2.0
7.0
7.0
5.0
1.0
2.0
11.0
10.0
3.0
5.0
2.0
2.0
25.0
15.0
5.0
9.0
9.0
9.0
10.0
18.0
1.0
8.0
9.0
15.0
4.0
9.0
6.0
5.0
22.0
38.0
3.0
20.0
10.0
15.0
3.0
6.0
3.0
7.0
6.0
5.0
2.0
1.0
14.0
5.0
5.0
5.0
1.0
3.0
20.0
10.0
15.0
18.0
0.0
9.0
14.0
18.0
1.0
4.0
9.0
13.0
3.0
4.0
11.0
8.0
18.0
32.0
9.0
10.0
22.0
17.0
8.0
10.0
2.0
1.0
7.0
2.0
2.0
1.0
14.0
3.0
7.0
1.0
2.0
6.0
30.0
5.0
10.0
0.0
9.0
18.0
20.0
14.0
3.0
0.0
6.0
0.0
14.0
6.0
14.0
8.0
42.0
30.0
6.0
0.0
18.0
12.0
0.0
0.0
8.0
4.0
10.0
8.0
2.0
1.0
12.0
6.0
6.0
7.0
0.0
2.0
20.0
10.0
15.0
18.0
0.0
9.0
15.0
13.0
2.0
7.0
11.0
19.0
4.0
3.0
6.0
5.0
24.0
26.0
9.0
16.0
22.0
11.0
7.0
11.0
3.0
1.0
6.0
2.0
1.0
2.0
13.0
9.0
2.0
3.0
3.0
3.0
25.0
15.0
5.0
9.0
9.0
9.0
9.0
23.0
0.0
5.0
7.0
9.0
3.0
10.0
11.0
8.0
16.0
44.0
3.0
14.0
10.0
21.0
4.0
5.0
2.0
7.0
7.0
5.0
2.0
1.0
12.0
6.0
6.0
7.0
0.0
2.0
20.0
10.0
15.0
18.0
0.0
9.0
15.0
13.0
2.0
7.0
11.0
19.0
4.0
3.0
6.0
5.0
24.0
26.0
9.0
16.0
22.0
11.0
7.0
11.0
3.0
1.0
6.0
2.0
2.0
1.0
14.0
5.0
5.0
5.0
1.0
3.0
20.0
10.0
15.0
18.0
0.0
9.0
14.0
18.0
1.0
4.0
9.0
13.0
3.0
4.0
11.0
8.0
18.0
32.0
9.0
10.0
22.0
17.0
8.0
10.0
2.0
1.0
7.0
2.0
2.0
1.0
14.0
5.0
5.0
5.0
1.0
3.0
20.0
10.0
15.0
18.0
0.0
9.0
14.0
18.0
1.0
4.0
10.0
16.0
3.0
3.0
9.0
7.0
20.0
28.0
9.0
13.0
23.0
15.0
7.0
11.0
3.0
1.0
6.0
2.0
2.0
1.0
16.0
4.0
4.0
1.0
3.0
5.0
30.0
5.0
10.0
0.0
9.0
18.0
14.0
21.0
0.0
2.0
3.0
3.0
5.0
8.0
17.0
12.0
30.0
40.0
0.0
3.0
21.0
14.0
0.0
0.0
5.0
5.0
13.0
7.0
2.0
1.0
16.0
4.0
4.0
1.0
3.0
5.0
30.0
5.0
10.0
0.0
9.0
18.0
14.0
21.0
0.0
2.0
3.0
3.0
5.0
8.0
17.0
12.0
30.0
40.0
0.0
3.0
21.0
14.0
0.0
0.0
5.0
5.0
13.0
7.0
2.0
1.0
14.0
5.0
5.0
3.0
2.0
4.0
30.0
5.0
10.0
0.0
9.0
18.0
15.0
16.0
1.0
5.0
10.0
8.0
4.0
8.0
12.0
6.0
26.0
42.0
6.0
6.0
16.0
12.0
0.0
0.0
6.0
6.0
12.0
6.0
3.0
0.0
17.0
0.0
7.0
5.0
0.0
4.0
25.0
0.0
20.0
9.0
0.0
18.0
16.0
19.0
2.0
0.0
12.0
12.0
2.0
0.0
14.0
8.0
30.0
28.0
8.0
0.0
32.0
10.0
4.0
5.0
6.0
0.0
12.0
3.0
0.0
3.0
8.0
16.0
0.0
6.0
3.0
0.0
20.0
25.0
0.0
18.0
9.0
0.0
2.0
22.0
0.0
13.0
6.0
18.0
0.0
14.0
4.0
6.0
8.0
44.0
0.0
34.0
2.0
20.0
4.0
14.0
0.0
8.0
0.0
4.0
0.0
3.0
8.0
16.0
0.0
6.0
3.0
0.0
20.0
25.0
0.0
18.0
9.0
0.0
2.0
22.0
0.0
13.0
7.0
21.0
0.0
13.0
2.0
5.0
10.0
40.0
0.0
37.0
3.0
18.0
5.0
13.0
0.0
9.0
0.0
3.0
1.0
2.0
11.0
11.0
2.0
4.0
3.0
2.0
25.0
15.0
5.0
9.0
9.0
9.0
8.0
18.0
0.0
11.0
3.0
15.0
3.0
12.0
7.0
8.0
18.0
42.0
0.0
23.0
11.0
14.0
2.0
7.0
2.0
7.0
7.0
5.0
3.0
0.0
13.0
0.0
11.0
3.0
0.0
6.0
25.0
0.0
20.0
9.0
0.0
18.0
24.0
8.0
5.0
0.0
11.0
5.0
13.0
0.0
13.0
6.0
42.0
18.0
17.0
0.0
26.0
5.0
5.0
4.0
9.0
0.0
9.0
3.0
1.0
2.0
11.0
11.0
2.0
4.0
3.0
2.0
25.0
15.0
5.0
9.0
9.0
9.0
8.0
18.0
0.0
11.0
6.0
16.0
2.0
12.0
6.0
6.0
14.0
44.0
3.0
23.0
9.0
15.0
3.0
6.0
2.0
8.0
7.0
4.0
2.0
1.0
14.0
6.0
4.0
6.0
1.0
2.0
20.0
10.0
15.0
18.0
0.0
9.0
10.0
19.0
1.0
7.0
8.0
20.0
1.0
5.0
7.0
7.0
16.0
32.0
6.0
16.0
24.0
14.0
6.0
12.0
2.0
1.0
7.0
2.0
1.0
2.0
11.0
11.0
2.0
4.0
3.0
2.0
25.0
15.0
5.0
9.0
9.0
9.0
8.0
18.0
0.0
11.0
3.0
15.0
3.0
12.0
7.0
8.0
18.0
42.0
0.0
23.0
11.0
14.0
2.0
7.0
2.0
7.0
7.0
5.0
2.0
1.0
16.0
5.0
3.0
2.0
3.0
4.0
30.0
5.0
10.0
0.0
9.0
18.0
10.0
22.0
0.0
5.0
4.0
8.0
2.0
10.0
14.0
10.0
22.0
46.0
0.0
6.0
20.0
14.0
0.0
0.0
4.0
6.0
14.0
6.0
0.0
3.0
6.0
18.0
0.0
5.0
4.0
0.0
20.0
25.0
0.0
18.0
9.0
0.0
1.0
17.0
0.0
19.0
3.0
19.0
0.0
19.0
2.0
5.0
6.0
44.0
0.0
43.0
1.0
14.0
3.0
15.0
0.0
9.0
0.0
3.0
0.0
3.0
6.0
18.0
0.0
5.0
4.0
0.0
20.0
25.0
0.0
18.0
9.0
0.0
1.0
17.0
0.0
19.0
4.0
22.0
0.0
18.0
0.0
4.0
8.0
40.0
0.0
46.0
2.0
12.0
4.0
14.0
0.0
10.0
0.0
2.0
3.0
0.0
13.0
0.0
11.0
3.0
0.0
6.0
25.0
0.0
20.0
9.0
0.0
18.0
24.0
8.0
5.0
0.0
11.0
5.0
13.0
0.0
13.0
6.0
42.0
18.0
17.0
0.0
26.0
5.0
5.0
4.0
9.0
0.0
9.0
3.0
1.0
2.0
11.0
12.0
1.0
3.0
4.0
2.0
25.0
15.0
5.0
9.0
9.0
9.0
4.0
19.0
0.0
14.0
2.0
14.0
1.0
17.0
7.0
7.0
10.0
48.0
0.0
26.0
10.0
14.0
2.0
7.0
1.0
8.0
8.0
4.0
1.0
2.0
11.0
12.0
1.0
3.0
4.0
2.0
25.0
15.0
5.0
9.0
9.0
9.0
4.0
19.0
0.0
14.0
2.0
14.0
1.0
17.0
7.0
7.0
10.0
48.0
0.0
26.0
10.0
14.0
2.0
7.0
1.0
8.0
8.0
4.0
0.0
3.0
4.0
20.0
0.0
4.0
5.0
0.0
20.0
25.0
0.0
18.0
9.0
0.0
1.0
10.0
0.0
26.0
2.0
18.0
0.0
26.0
0.0
2.0
4.0
44.0
0.0
52.0
0.0
8.0
2.0
16.0
0.0
10.0
0.0
2.0
1.0
2.0
13.0
8.0
3.0
4.0
2.0
3.0
25.0
15.0
5.0
9.0
9.0
9.0
12.0
21.0
1.0
3.0
10.0
8.0
6.0
8.0
10.0
6.0
24.0
38.0
3.0
11.0
11.0
21.0
4.0
5.0
3.0
6.0
6.0
6.0
2.0
1.0
12.0
5.0
7.0
6.0
0.0
3.0
20.0
10.0
15.0
18.0
0.0
9.0
17.0
13.0
3.0
4.0
12.0
12.0
7.0
3.0
9.0
5.0
26.0
26.0
12.0
10.0
20.0
14.0
9.0
9.0
3.0
1.0
6.0
2.0
2.0
1.0
9.0
0.0
15.0
3.0
0.0
6.0
15.0
0.0
30.0
9.0
0.0
18.0
15.0
0.0
22.0
0.0
12.0
0.0
30.0
0.0
6.0
0.0
30.0
0.0
66.0
0.0
12.0
0.0
9.0
0.0
18.0
0.0
3.0
0.0
2.0
1.0
9.0
0.0
15.0
3.0
0.0
6.0
15.0
0.0
30.0
9.0
0.0
18.0
15.0
0.0
22.0
0.0
12.0
0.0
30.0
0.0
6.0
0.0
30.0
0.0
66.0
0.0
12.0
0.0
9.0
0.0
18.0
0.0
3.0
0.0
2.0
1.0
9.0
1.0
14.0
4.0
0.0
5.0
15.0
0.0
30.0
9.0
0.0
18.0
14.0
4.0
19.0
0.0
14.0
4.0
24.0
0.0
6.0
0.0
28.0
6.0
60.0
0.0
14.0
0.0
8.0
1.0
17.0
0.0
4.0
0.0
1.0
2.0
16.0
1.0
7.0
6.0
0.0
3.0
30.0
0.0
15.0
18.0
0.0
9.0
24.0
3.0
10.0
0.0
22.0
2.0
14.0
0.0
10.0
0.0
54.0
6.0
30.0
0.0
18.0
0.0
16.0
2.0
8.0
0.0
4.0
0.0
2.0
1.0
9.0
1.0
14.0
4.0
0.0
5.0
15.0
0.0
30.0
9.0
0.0
18.0
14.0
4.0
19.0
0.0
14.0
4.0
24.0
0.0
6.0
0.0
28.0
6.0
60.0
0.0
14.0
0.0
8.0
1.0
17.0
0.0
4.0
0.0
2.0
1.0
9.0
1.0
14.0
4.0
0.0
5.0
15.0
0.0
30.0
9.0
0.0
18.0
14.0
4.0
19.0
0.0
14.0
4.0
24.0
0.0
6.0
0.0
28.0
6.0
60.0
0.0
14.0
0.0
8.0
1.0
17.0
0.0
4.0
0.0
2.0
1.0
11.0
0.0
13.0
2.0
1.0
6.0
15.0
0.0
30.0
9.0
0.0
18.0
22.0
0.0
15.0
0.0
10.0
0.0
24.0
0.0
10.0
4.0
34.0
0.0
54.0
0.0
20.0
0.0
9.0
0.0
16.0
0.0
5.0
0.0
2.0
1.0
9.0
1.0
14.0
4.0
0.0
5.0
15.0
0.0
30.0
9.0
0.0
18.0
14.0
4.0
19.0
0.0
14.0
4.0
24.0
0.0
6.0
0.0
28.0
6.0
60.0
0.0
14.0
0.0
8.0
1.0
17.0
0.0
4.0
0.0
3.0
0.0
4.0
0.0
20.0
2.0
0.0
7.0
0.0
0.0
45.0
0.0
0.0
27.0
12.0
1.0
24.0
0.0
10.0
2.0
30.0
0.0
6.0
0.0
8.0
0.0
84.0
0.0
16.0
0.0
0.0
0.0
26.0
0.0
4.0
0.0
3.0
0.0
4.0
0.0
20.0
2.0
0.0
7.0
0.0
0.0
45.0
0.0
0.0
27.0
12.0
1.0
24.0
0.0
10.0
2.0
30.0
0.0
6.0
0.0
8.0
0.0
84.0
0.0
16.0
0.0
0.0
0.0
26.0
0.0
4.0
0.0
2.0
1.0
9.0
0.0
15.0
3.0
0.0
6.0
15.0
0.0
30.0
9.0
0.0
18.0
15.0
0.0
22.0
0.0
12.0
0.0
30.0
0.0
6.0
0.0
30.0
0.0
66.0
0.0
12.0
0.0
9.0
0.0
18.0
0.0
3.0
0.0
3.0
0.0
4.0
0.0
20.0
2.0
0.0
7.0
0.0
0.0
45.0
0.0
0.0
27.0
12.0
1.0
24.0
0.0
10.0
2.0
30.0
0.0
6.0
0.0
8.0
0.0
84.0
0.0
16.0
0.0
0.0
0.0
26.0
0.0
4.0
0.0
1.0
2.0
14.0
3.0
7.0
7.0
0.0
2.0
30.0
0.0
15.0
18.0
0.0
9.0
18.0
8.0
10.0
1.0
20.0
10.0
12.0
0.0
6.0
0.0
46.0
18.0
30.0
0.0
14.0
0.0
14.0
4.0
8.0
0.0
4.0
0.0
1.0
2.0
16.0
2.0
6.0
5.0
1.0
3.0
30.0
0.0
15.0
18.0
0.0
9.0
23.0
7.0
7.0
0.0
18.0
4.0
11.0
1.0
11.0
3.0
52.0
12.0
24.0
0.0
20.0
0.0
15.0
3.0
7.0
0.0
5.0
0.0
1.0
2.0
16.0
2.0
6.0
5.0
1.0
3.0
30.0
0.0
15.0
18.0
0.0
9.0
23.0
7.0
7.0
0.0
18.0
4.0
11.0
1.0
11.0
3.0
52.0
12.0
24.0
0.0
20.0
0.0
15.0
3.0
7.0
0.0
5.0
0.0
1.0
2.0
16.0
2.0
6.0
5.0
1.0
3.0
30.0
0.0
15.0
18.0
0.0
9.0
23.0
7.0
7.0
0.0
18.0
4.0
11.0
1.0
11.0
3.0
52.0
12.0
24.0
0.0
20.0
0.0
15.0
3.0
7.0
0.0
5.0
0.0
1.0
2.0
14.0
3.0
7.0
7.0
0.0
2.0
30.0
0.0
15.0
18.0
0.0
9.0
18.0
8.0
10.0
1.0
20.0
10.0
12.0
0.0
6.0
0.0
46.0
18.0
30.0
0.0
14.0
0.0
14.0
4.0
8.0
0.0
4.0
0.0
2.0
1.0
11.0
1.0
12.0
3.0
1.0
5.0
15.0
0.0
30.0
9.0
0.0
18.0
19.0
5.0
13.0
0.0
12.0
4.0
19.0
1.0
9.0
3.0
32.0
6.0
48.0
0.0
22.0
0.0
8.0
1.0
15.0
0.0
6.0
0.0
2.0
1.0
9.0
2.0
13.0
5.0
0.0
4.0
15.0
0.0
30.0
9.0
0.0
18.0
14.0
6.0
16.0
1.0
14.0
10.0
20.0
0.0
4.0
0.0
26.0
12.0
54.0
0.0
16.0
0.0
7.0
2.0
16.0
0.0
5.0
0.0
1.0
2.0
14.0
3.0
7.0
7.0
0.0
2.0
30.0
0.0
15.0
18.0
0.0
9.0
18.0
8.0
10.0
1.0
20.0
10.0
12.0
0.0
6.0
0.0
46.0
18.0
30.0
0.0
14.0
0.0
14.0
4.0
8.0
0.0
4.0
0.0
1.0
2.0
16.0
2.0
6.0
5.0
1.0
3.0
30.0
0.0
15.0
18.0
0.0
9.0
23.0
7.0
7.0
0.0
18.0
4.0
11.0
1.0
11.0
3.0
52.0
12.0
24.0
0.0
20.0
0.0
15.0
3.0
7.0
0.0
5.0
0.0
1.0
2.0
16.0
2.0
6.0
5.0
1.0
3.0
30.0
0.0
15.0
18.0
0.0
9.0
23.0
7.0
7.0
0.0
18.0
4.0
11.0
1.0
11.0
3.0
52.0
12.0
24.0
0.0
20.0
0.0
15.0
3.0
7.0
0.0
5.0
0.0
2.0
1.0
9.0
2.0
13.0
5.0
0.0
4.0
15.0
0.0
30.0
9.0
0.0
18.0
14.0
6.0
16.0
1.0
14.0
10.0
20.0
0.0
4.0
0.0
26.0
12.0
54.0
0.0
16.0
0.0
7.0
2.0
16.0
0.0
5.0
0.0
2.0
1.0
11.0
1.0
12.0
3.0
1.0
5.0
15.0
0.0
30.0
9.0
0.0
18.0
19.0
5.0
13.0
0.0
12.0
4.0
19.0
1.0
9.0
3.0
32.0
6.0
48.0
0.0
22.0
0.0
8.0
1.0
15.0
0.0
6.0
0.0
2.0
1.0
9.0
2.0
13.0
5.0
0.0
4.0
15.0
0.0
30.0
9.0
0.0
18.0
14.0
6.0
16.0
1.0
14.0
10.0
20.0
0.0
4.0
0.0
26.0
12.0
54.0
0.0
16.0
0.0
7.0
2.0
16.0
0.0
5.0
0.0
2.0
1.0
11.0
1.0
12.0
3.0
1.0
5.0
15.0
0.0
30.0
9.0
0.0
18.0
19.0
5.0
13.0
0.0
12.0
4.0
19.0
1.0
9.0
3.0
32.0
6.0
48.0
0.0
22.0
0.0
8.0
1.0
15.0
0.0
6.0
0.0
3.0
0.0
2.0
0.0
22.0
1.0
0.0
8.0
0.0
0.0
45.0
0.0
0.0
27.0
7.0
0.0
30.0
0.0
6.0
0.0
38.0
0.0
4.0
0.0
4.0
0.0
96.0
0.0
8.0
0.0
0.0
0.0
28.0
0.0
2.0
0.0
3.0
0.0
6.0
0.0
18.0
3.0
0.0
6.0
0.0
0.0
45.0
0.0
0.0
27.0
15.0
3.0
19.0
0.0
12.0
6.0
24.0
0.0
6.0
0.0
12.0
0.0
72.0
0.0
24.0
0.0
0.0
0.0
24.0
0.0
6.0
0.0
0.0
3.0
19.0
5.0
0.0
8.0
1.0
0.0
45.0
0.0
0.0
27.0
0.0
0.0
24.0
11.0
0.0
2.0
24.0
10.0
0.0
2.0
10.0
2.0
64.0
30.0
0.0
0.0
14.0
0.0
19.0
8.0
0.0
0.0
3.0
0.0
0.0
3.0
19.0
5.0
0.0
8.0
1.0
0.0
45.0
0.0
0.0
27.0
0.0
0.0
24.0
11.0
0.0
2.0
24.0
10.0
0.0
2.0
10.0
2.0
64.0
30.0
0.0
0.0
14.0
0.0
19.0
8.0
0.0
0.0
3.0
0.0
1.0
2.0
14.0
4.0
6.0
6.0
1.0
2.0
30.0
0.0
15.0
18.0
0.0
9.0
18.0
10.0
7.0
2.0
16.0
12.0
10.0
2.0
6.0
2.0
44.0
24.0
24.0
0.0
16.0
0.0
13.0
5.0
7.0
0.0
5.0
0.0
1.0
2.0
14.0
4.0
6.0
6.0
1.0
2.0
30.0
0.0
15.0
18.0
0.0
9.0
18.0
10.0
7.0
2.0
16.0
12.0
10.0
2.0
6.0
2.0
44.0
24.0
24.0
0.0
16.0
0.0
13.0
5.0
7.0
0.0
5.0
0.0
1.0
2.0
14.0
4.0
6.0
6.0
1.0
2.0
30.0
0.0
15.0
18.0
0.0
9.0
18.0
10.0
7.0
2.0
16.0
12.0
10.0
2.0
6.0
2.0
44.0
24.0
24.0
0.0
16.0
0.0
13.0
5.0
7.0
0.0
5.0
0.0
3.0
0.0
2.0
0.0
22.0
1.0
0.0
8.0
0.0
0.0
45.0
0.0
0.0
27.0
7.0
0.0
30.0
0.0
6.0
0.0
38.0
0.0
4.0
0.0
4.0
0.0
96.0
0.0
8.0
0.0
0.0
0.0
28.0
0.0
2.0
0.0
2.0
1.0
11.0
2.0
11.0
4.0
1.0
4.0
15.0
0.0
30.0
9.0
0.0
18.0
17.0
8.0
11.0
1.0
12.0
10.0
16.0
2.0
6.0
2.0
30.0
12.0
42.0
0.0
24.0
0.0
7.0
2.0
14.0
0.0
7.0
0.0
1.0
2.0
14.0
4.0
6.0
6.0
1.0
2.0
30.0
0.0
15.0
18.0
0.0
9.0
18.0
10.0
7.0
2.0
16.0
12.0
10.0
2.0
6.0
2.0
44.0
24.0
24.0
0.0
16.0
0.0
13.0
5.0
7.0
0.0
5.0
0.0
1.0
2.0
14.0
4.0
6.0
6.0
1.0
2.0
30.0
0.0
15.0
18.0
0.0
9.0
18.0
10.0
7.0
2.0
16.0
12.0
10.0
2.0
6.0
2.0
44.0
24.0
24.0
0.0
16.0
0.0
13.0
5.0
7.0
0.0
5.0
0.0
1.0
2.0
16.0
3.0
5.0
4.0
2.0
3.0
30.0
0.0
15.0
18.0
0.0
9.0
20.0
12.0
5.0
0.0
16.0
4.0
8.0
4.0
12.0
4.0
50.0
18.0
18.0
0.0
22.0
0.0
14.0
4.0
6.0
0.0
6.0
0.0
2.0
1.0
11.0
2.0
11.0
4.0
1.0
4.0
15.0
0.0
30.0
9.0
0.0
18.0
17.0
8.0
11.0
1.0
12.0
10.0
16.0
2.0
6.0
2.0
30.0
12.0
42.0
0.0
24.0
0.0
7.0
2.0
14.0
0.0
7.0
0.0
0.0
3.0
17.0
7.0
0.0
7.0
2.0
0.0
45.0
0.0
0.0
27.0
0.0
0.0
19.0
14.0
0.0
4.0
20.0
12.0
0.0
6.0
8.0
2.0
56.0
42.0
0.0
0.0
10.0
0.0
17.0
10.0
0.0
0.0
3.0
0.0
0.0
3.0
17.0
7.0
0.0
7.0
2.0
0.0
45.0
0.0
0.0
27.0
0.0
0.0
19.0
14.0
0.0
4.0
20.0
12.0
0.0
6.0
8.0
2.0
56.0
42.0
0.0
0.0
10.0
0.0
17.0
10.0
0.0
0.0
3.0
0.0
0.0
3.0
17.0
7.0
0.0
7.0
2.0
0.0
45.0
0.0
0.0
27.0
0.0
0.0
19.0
14.0
0.0
4.0
20.0
12.0
0.0
6.0
8.0
2.0
56.0
42.0
0.0
0.0
10.0
0.0
17.0
10.0
0.0
0.0
3.0
0.0
1.0
2.0
14.0
5.0
5.0
5.0
2.0
2.0
30.0
0.0
15.0
18.0
0.0
9.0
16.0
13.0
5.0
3.0
14.0
12.0
8.0
6.0
6.0
2.0
42.0
30.0
18.0
0.0
18.0
0.0
12.0
6.0
6.0
0.0
6.0
0.0
1.0
2.0
16.0
1.0
7.0
6.0
0.0
3.0
30.0
0.0
15.0
18.0
0.0
9.0
24.0
3.0
10.0
0.0
22.0
2.0
14.0
0.0
10.0
0.0
54.0
6.0
30.0
0.0
18.0
0.0
16.0
2.0
8.0
0.0
4.0
0.0
1.0
2.0
14.0
5.0
5.0
5.0
2.0
2.0
30.0
0.0
15.0
18.0
0.0
9.0
16.0
13.0
5.0
3.0
14.0
12.0
8.0
6.0
6.0
2.0
42.0
30.0
18.0
0.0
18.0
0.0
12.0
6.0
6.0
0.0
6.0
0.0
1.0
2.0
14.0
5.0
5.0
5.0
2.0
2.0
30.0
0.0
15.0
18.0
0.0
9.0
16.0
13.0
5.0
3.0
14.0
12.0
8.0
6.0
6.0
2.0
42.0
30.0
18.0
0.0
18.0
0.0
12.0
6.0
6.0
0.0
6.0
0.0
0.0
3.0
15.0
9.0
0.0
6.0
3.0
0.0
45.0
0.0
0.0
27.0
0.0
0.0
15.0
15.0
0.0
7.0
18.0
12.0
0.0
12.0
6.0
0.0
48.0
54.0
0.0
0.0
6.0
0.0
15.0
12.0
0.0
0.0
3.0
0.0
3.0
0.0
0.0
0.0
24.0
0.0
0.0
9.0
0.0
0.0
45.0
0.0
0.0
27.0
0.0
0.0
37.0
0.0
0.0
0.0
48.0
0.0
0.0
0.0
0.0
0.0
108.0
0.0
0.0
0.0
0.0
0.0
30.0
0.0
0.0
0.0
1.0
2.0
16.0
1.0
7.0
6.0
0.0
3.0
30.0
0.0
15.0
18.0
0.0
9.0
24.0
3.0
10.0
0.0
22.0
2.0
14.0
0.0
10.0
0.0
54.0
6.0
30.0
0.0
18.0
0.0
16.0
2.0
8.0
0.0
4.0
0.0
2.0
1.0
11.0
0.0
13.0
2.0
1.0
6.0
15.0
0.0
30.0
9.0
0.0
18.0
22.0
0.0
15.0
0.0
10.0
0.0
24.0
0.0
10.0
4.0
34.0
0.0
54.0
0.0
20.0
0.0
9.0
0.0
16.0
0.0
5.0
0.0
2.0
1.0
9.0
1.0
14.0
4.0
0.0
5.0
15.0
0.0
30.0
9.0
0.0
18.0
14.0
4.0
19.0
0.0
14.0
4.0
24.0
0.0
6.0
0.0
28.0
6.0
60.0
0.0
14.0
0.0
8.0
1.0
17.0
0.0
4.0
0.0
2.0
1.0
14.0
5.0
5.0
5.0
2.0
2.0
30.0
15.0
0.0
18.0
9.0
0.0
13.0
16.0
3.0
5.0
12.0
14.0
6.0
8.0
2.0
6.0
30.0
42.0
0.0
18.0
0.0
18.0
6.0
12.0
0.0
6.0
0.0
6.0
2.0
1.0
16.0
5.0
3.0
4.0
3.0
2.0
30.0
15.0
0.0
18.0
9.0
0.0
12.0
20.0
0.0
5.0
4.0
16.0
4.0
8.0
4.0
12.0
18.0
50.0
0.0
18.0
0.0
22.0
4.0
14.0
0.0
6.0
0.0
6.0
2.0
1.0
16.0
5.0
3.0
4.0
3.0
2.0
30.0
15.0
0.0
18.0
9.0
0.0
12.0
20.0
0.0
5.0
4.0
16.0
4.0
8.0
4.0
12.0
18.0
50.0
0.0
18.0
0.0
22.0
4.0
14.0
0.0
6.0
0.0
6.0
2.0
1.0
14.0
6.0
4.0
6.0
2.0
1.0
30.0
15.0
0.0
18.0
9.0
0.0
10.0
18.0
2.0
7.0
12.0
16.0
2.0
10.0
2.0
6.0
24.0
44.0
0.0
24.0
0.0
16.0
5.0
13.0
0.0
7.0
0.0
5.0
2.0
1.0
16.0
5.0
3.0
4.0
3.0
2.0
30.0
15.0
0.0
18.0
9.0
0.0
12.0
20.0
0.0
5.0
4.0
16.0
4.0
8.0
4.0
12.0
18.0
50.0
0.0
18.0
0.0
22.0
4.0
14.0
0.0
6.0
0.0
6.0
2.0
1.0
14.0
6.0
4.0
6.0
2.0
1.0
30.0
15.0
0.0
18.0
9.0
0.0
10.0
18.0
2.0
7.0
12.0
16.0
2.0
10.0
2.0
6.0
24.0
44.0
0.0
24.0
0.0
16.0
5.0
13.0
0.0
7.0
0.0
5.0
2.0
1.0
14.0
6.0
4.0
6.0
2.0
1.0
30.0
15.0
0.0
18.0
9.0
0.0
10.0
18.0
2.0
7.0
12.0
16.0
2.0
10.0
2.0
6.0
24.0
44.0
0.0
24.0
0.0
16.0
5.0
13.0
0.0
7.0
0.0
5.0
3.0
0.0
19.0
0.0
5.0
8.0
0.0
1.0
45.0
0.0
0.0
27.0
0.0
0.0
11.0
24.0
2.0
0.0
10.0
24.0
2.0
0.0
2.0
10.0
30.0
64.0
0.0
0.0
0.0
14.0
8.0
19.0
0.0
0.0
0.0
3.0
2.0
1.0
14.0
5.0
5.0
5.0
2.0
2.0
30.0
15.0
0.0
18.0
9.0
0.0
13.0
16.0
3.0
5.0
12.0
14.0
6.0
8.0
2.0
6.0
30.0
42.0
0.0
18.0
0.0
18.0
6.0
12.0
0.0
6.0
0.0
6.0
3.0
0.0
19.0
0.0
5.0
8.0
0.0
1.0
45.0
0.0
0.0
27.0
0.0
0.0
11.0
24.0
2.0
0.0
10.0
24.0
2.0
0.0
2.0
10.0
30.0
64.0
0.0
0.0
0.0
14.0
8.0
19.0
0.0
0.0
0.0
3.0
0.0
3.0
6.0
18.0
0.0
3.0
6.0
0.0
0.0
45.0
0.0
0.0
27.0
0.0
3.0
15.0
0.0
19.0
6.0
12.0
0.0
24.0
0.0
6.0
0.0
12.0
0.0
72.0
0.0
24.0
0.0
0.0
0.0
24.0
0.0
6.0
1.0
2.0
9.0
13.0
2.0
5.0
4.0
0.0
15.0
30.0
0.0
9.0
18.0
0.0
6.0
14.0
1.0
16.0
10.0
14.0
0.0
20.0
0.0
4.0
12.0
26.0
0.0
54.0
0.0
16.0
2.0
7.0
0.0
16.0
0.0
5.0
1.0
2.0
11.0
12.0
1.0
3.0
5.0
1.0
15.0
30.0
0.0
9.0
18.0
0.0
5.0
19.0
0.0
13.0
4.0
12.0
1.0
19.0
3.0
9.0
6.0
32.0
0.0
48.0
0.0
22.0
1.0
8.0
0.0
15.0
0.0
6.0
1.0
2.0
11.0
12.0
1.0
3.0
5.0
1.0
15.0
30.0
0.0
9.0
18.0
0.0
5.0
19.0
0.0
13.0
4.0
12.0
1.0
19.0
3.0
9.0
6.0
32.0
0.0
48.0
0.0
22.0
1.0
8.0
0.0
15.0
0.0
6.0
1.0
2.0
11.0
12.0
1.0
3.0
5.0
1.0
15.0
30.0
0.0
9.0
18.0
0.0
5.0
19.0
0.0
13.0
4.0
12.0
1.0
19.0
3.0
9.0
6.0
32.0
0.0
48.0
0.0
22.0
1.0
8.0
0.0
15.0
0.0
6.0
1.0
2.0
9.0
13.0
2.0
5.0
4.0
0.0
15.0
30.0
0.0
9.0
18.0
0.0
6.0
14.0
1.0
16.0
10.0
14.0
0.0
20.0
0.0
4.0
12.0
26.0
0.0
54.0
0.0
16.0
2.0
7.0
0.0
16.0
0.0
5.0
1.0
2.0
11.0
12.0
1.0
3.0
5.0
1.0
15.0
30.0
0.0
9.0
18.0
0.0
5.0
19.0
0.0
13.0
4.0
12.0
1.0
19.0
3.0
9.0
6.0
32.0
0.0
48.0
0.0
22.0
1.0
8.0
0.0
15.0
0.0
6.0
2.0
1.0
14.0
7.0
3.0
7.0
2.0
0.0
30.0
15.0
0.0
18.0
9.0
0.0
8.0
18.0
1.0
10.0
10.0
20.0
0.0
12.0
0.0
6.0
18.0
46.0
0.0
30.0
0.0
14.0
4.0
14.0
0.0
8.0
0.0
4.0
2.0
1.0
16.0
6.0
2.0
5.0
3.0
1.0
30.0
15.0
0.0
18.0
9.0
0.0
7.0
23.0
0.0
7.0
4.0
18.0
1.0
11.0
3.0
11.0
12.0
52.0
0.0
24.0
0.0
20.0
3.0
15.0
0.0
7.0
0.0
5.0
3.0
0.0
17.0
0.0
7.0
7.0
0.0
2.0
45.0
0.0
0.0
27.0
0.0
0.0
14.0
19.0
4.0
0.0
12.0
20.0
6.0
0.0
2.0
8.0
42.0
56.0
0.0
0.0
0.0
10.0
10.0
17.0
0.0
0.0
0.0
3.0
2.0
1.0
16.0
6.0
2.0
5.0
3.0
1.0
30.0
15.0
0.0
18.0
9.0
0.0
7.0
23.0
0.0
7.0
4.0
18.0
1.0
11.0
3.0
11.0
12.0
52.0
0.0
24.0
0.0
20.0
3.0
15.0
0.0
7.0
0.0
5.0
1.0
2.0
11.0
12.0
1.0
3.0
5.0
1.0
15.0
30.0
0.0
9.0
18.0
0.0
5.0
19.0
0.0
13.0
4.0
12.0
1.0
19.0
3.0
9.0
6.0
32.0
0.0
48.0
0.0
22.0
1.0
8.0
0.0
15.0
0.0
6.0
1.0
2.0
11.0
12.0
1.0
3.0
5.0
1.0
15.0
30.0
0.0
9.0
18.0
0.0
5.0
19.0
0.0
13.0
4.0
12.0
1.0
19.0
3.0
9.0
6.0
32.0
0.0
48.0
0.0
22.0
1.0
8.0
0.0
15.0
0.0
6.0
1.0
2.0
9.0
13.0
2.0
5.0
4.0
0.0
15.0
30.0
0.0
9.0
18.0
0.0
6.0
14.0
1.0
16.0
10.0
14.0
0.0
20.0
0.0
4.0
12.0
26.0
0.0
54.0
0.0
16.0
2.0
7.0
0.0
16.0
0.0
5.0
2.0
1.0
16.0
6.0
2.0
5.0
3.0
1.0
30.0
15.0
0.0
18.0
9.0
0.0
7.0
23.0
0.0
7.0
4.0
18.0
1.0
11.0
3.0
11.0
12.0
52.0
0.0
24.0
0.0
20.0
3.0
15.0
0.0
7.0
0.0
5.0
2.0
1.0
14.0
7.0
3.0
7.0
2.0
0.0
30.0
15.0
0.0
18.0
9.0
0.0
8.0
18.0
1.0
10.0
10.0
20.0
0.0
12.0
0.0
6.0
18.0
46.0
0.0
30.0
0.0
14.0
4.0
14.0
0.0
8.0
0.0
4.0
2.0
1.0
16.0
6.0
2.0
5.0
3.0
1.0
30.0
15.0
0.0
18.0
9.0
0.0
7.0
23.0
0.0
7.0
4.0
18.0
1.0
11.0
3.0
11.0
12.0
52.0
0.0
24.0
0.0
20.0
3.0
15.0
0.0
7.0
0.0
5.0
2.0
1.0
16.0
6.0
2.0
5.0
3.0
1.0
30.0
15.0
0.0
18.0
9.0
0.0
7.0
23.0
0.0
7.0
4.0
18.0
1.0
11.0
3.0
11.0
12.0
52.0
0.0
24.0
0.0
20.0
3.0
15.0
0.0
7.0
0.0
5.0
2.0
1.0
14.0
7.0
3.0
7.0
2.0
0.0
30.0
15.0
0.0
18.0
9.0
0.0
8.0
18.0
1.0
10.0
10.0
20.0
0.0
12.0
0.0
6.0
18.0
46.0
0.0
30.0
0.0
14.0
4.0
14.0
0.0
8.0
0.0
4.0
3.0
0.0
17.0
0.0
7.0
7.0
0.0
2.0
45.0
0.0
0.0
27.0
0.0
0.0
14.0
19.0
4.0
0.0
12.0
20.0
6.0
0.0
2.0
8.0
42.0
56.0
0.0
0.0
0.0
10.0
10.0
17.0
0.0
0.0
0.0
3.0
3.0
0.0
21.0
0.0
3.0
9.0
0.0
0.0
45.0
0.0
0.0
27.0
0.0
0.0
6.0
30.0
1.0
0.0
6.0
30.0
0.0
0.0
0.0
12.0
18.0
72.0
0.0
0.0
0.0
18.0
6.0
21.0
0.0
0.0
0.0
3.0
0.0
3.0
4.0
20.0
0.0
2.0
7.0
0.0
0.0
45.0
0.0
0.0
27.0
0.0
1.0
12.0
0.0
24.0
2.0
10.0
0.0
30.0
0.0
6.0
0.0
8.0
0.0
84.0
0.0
16.0
0.0
0.0
0.0
26.0
0.0
4.0
0.0
3.0
4.0
20.0
0.0
2.0
7.0
0.0
0.0
45.0
0.0
0.0
27.0
0.0
1.0
12.0
0.0
24.0
2.0
10.0
0.0
30.0
0.0
6.0
0.0
8.0
0.0
84.0
0.0
16.0
0.0
0.0
0.0
26.0
0.0
4.0
0.0
3.0
4.0
20.0
0.0
2.0
7.0
0.0
0.0
45.0
0.0
0.0
27.0
0.0
1.0
12.0
0.0
24.0
2.0
10.0
0.0
30.0
0.0
6.0
0.0
8.0
0.0
84.0
0.0
16.0
0.0
0.0
0.0
26.0
0.0
4.0
1.0
2.0
9.0
14.0
1.0
4.0
5.0
0.0
15.0
30.0
0.0
9.0
18.0
0.0
4.0
14.0
0.0
19.0
4.0
14.0
0.0
24.0
0.0
6.0
6.0
28.0
0.0
60.0
0.0
14.0
1.0
8.0
0.0
17.0
0.0
4.0
1.0
2.0
9.0
14.0
1.0
4.0
5.0
0.0
15.0
30.0
0.0
9.0
18.0
0.0
4.0
14.0
0.0
19.0
4.0
14.0
0.0
24.0
0.0
6.0
6.0
28.0
0.0
60.0
0.0
14.0
1.0
8.0
0.0
17.0
0.0
4.0
1.0
2.0
11.0
13.0
0.0
2.0
6.0
1.0
15.0
30.0
0.0
9.0
18.0
0.0
0.0
22.0
0.0
15.0
0.0
10.0
0.0
24.0
4.0
10.0
0.0
34.0
0.0
54.0
0.0
20.0
0.0
9.0
0.0
16.0
0.0
5.0
1.0
2.0
9.0
14.0
1.0
4.0
5.0
0.0
15.0
30.0
0.0
9.0
18.0
0.0
4.0
14.0
0.0
19.0
4.0
14.0
0.0
24.0
0.0
6.0
6.0
28.0
0.0
60.0
0.0
14.0
1.0
8.0
0.0
17.0
0.0
4.0
1.0
2.0
11.0
13.0
0.0
2.0
6.0
1.0
15.0
30.0
0.0
9.0
18.0
0.0
0.0
22.0
0.0
15.0
0.0
10.0
0.0
24.0
4.0
10.0
0.0
34.0
0.0
54.0
0.0
20.0
0.0
9.0
0.0
16.0
0.0
5.0
1.0
2.0
9.0
14.0
1.0
4.0
5.0
0.0
15.0
30.0
0.0
9.0
18.0
0.0
4.0
14.0
0.0
19.0
4.0
14.0
0.0
24.0
0.0
6.0
6.0
28.0
0.0
60.0
0.0
14.0
1.0
8.0
0.0
17.0
0.0
4.0
2.0
1.0
16.0
7.0
1.0
6.0
3.0
0.0
30.0
15.0
0.0
18.0
9.0
0.0
3.0
24.0
0.0
10.0
2.0
22.0
0.0
14.0
0.0
10.0
6.0
54.0
0.0
30.0
0.0
18.0
2.0
16.0
0.0
8.0
0.0
4.0
1.0
2.0
11.0
13.0
0.0
2.0
6.0
1.0
15.0
30.0
0.0
9.0
18.0
0.0
0.0
22.0
0.0
15.0
0.0
10.0
0.0
24.0
4.0
10.0
0.0
34.0
0.0
54.0
0.0
20.0
0.0
9.0
0.0
16.0
0.0
5.0
1.0
2.0
9.0
14.0
1.0
4.0
5.0
0.0
15.0
30.0
0.0
9.0
18.0
0.0
4.0
14.0
0.0
19.0
4.0
14.0
0.0
24.0
0.0
6.0
6.0
28.0
0.0
60.0
0.0
14.0
1.0
8.0
0.0
17.0
0.0
4.0
1.0
2.0
9.0
14.0
1.0
4.0
5.0
0.0
15.0
30.0
0.0
9.0
18.0
0.0
4.0
14.0
0.0
19.0
4.0
14.0
0.0
24.0
0.0
6.0
6.0
28.0
0.0
60.0
0.0
14.0
1.0
8.0
0.0
17.0
0.0
4.0
2.0
1.0
16.0
7.0
1.0
6.0
3.0
0.0
30.0
15.0
0.0
18.0
9.0
0.0
3.0
24.0
0.0
10.0
2.0
22.0
0.0
14.0
0.0
10.0
6.0
54.0
0.0
30.0
0.0
18.0
2.0
16.0
0.0
8.0
0.0
4.0
2.0
1.0
16.0
7.0
1.0
6.0
3.0
0.0
30.0
15.0
0.0
18.0
9.0
0.0
3.0
24.0
0.0
10.0
2.0
22.0
0.0
14.0
0.0
10.0
6.0
54.0
0.0
30.0
0.0
18.0
2.0
16.0
0.0
8.0
0.0
4.0
0.0
3.0
2.0
22.0
0.0
1.0
8.0
0.0
0.0
45.0
0.0
0.0
27.0
0.0
0.0
7.0
0.0
30.0
0.0
6.0
0.0
38.0
0.0
4.0
0.0
4.0
0.0
96.0
0.0
8.0
0.0
0.0
0.0
28.0
0.0
2.0
0.0
3.0
2.0
22.0
0.0
1.0
8.0
0.0
0.0
45.0
0.0
0.0
27.0
0.0
0.0
7.0
0.0
30.0
0.0
6.0
0.0
38.0
0.0
4.0
0.0
4.0
0.0
96.0
0.0
8.0
0.0
0.0
0.0
28.0
0.0
2.0
1.0
2.0
9.0
15.0
0.0
3.0
6.0
0.0
15.0
30.0
0.0
9.0
18.0
0.0
0.0
15.0
0.0
22.0
0.0
12.0
0.0
30.0
0.0
6.0
0.0
30.0
0.0
66.0
0.0
12.0
0.0
9.0
0.0
18.0
0.0
3.0
1.0
2.0
11.0
11.0
2.0
4.0
4.0
1.0
15.0
30.0
0.0
9.0
18.0
0.0
8.0
17.0
1.0
11.0
10.0
12.0
2.0
16.0
2.0
6.0
12.0
30.0
0.0
42.0
0.0
24.0
2.0
7.0
0.0
14.0
0.0
7.0
1.0
2.0
9.0
15.0
0.0
3.0
6.0
0.0
15.0
30.0
0.0
9.0
18.0
0.0
0.0
15.0
0.0
22.0
0.0
12.0
0.0
30.0
0.0
6.0
0.0
30.0
0.0
66.0
0.0
12.0
0.0
9.0
0.0
18.0
0.0
3.0
0.0
3.0
0.0
24.0
0.0
0.0
9.0
0.0
0.0
45.0
0.0
0.0
27.0
0.0
0.0
0.0
0.0
37.0
0.0
0.0
0.0
48.0
0.0
0.0
0.0
0.0
0.0
108.0
0.0
0.0
0.0
0.0
0.0
30.0
0.0
0.0
3.0
0.0
15.0
0.0
9.0
6.0
0.0
3.0
45.0
0.0
0.0
27.0
0.0
0.0
15.0
15.0
7.0
0.0
12.0
18.0
12.0
0.0
0.0
6.0
54.0
48.0
0.0
0.0
0.0
6.0
12.0
15.0
0.0
0.0
0.0
3.0
1.0
2.0
11.0
11.0
2.0
4.0
4.0
1.0
15.0
30.0
0.0
9.0
18.0
0.0
8.0
17.0
1.0
11.0
10.0
12.0
2.0
16.0
2.0
6.0
12.0
30.0
0.0
42.0
0.0
24.0
2.0
7.0
0.0
14.0
0.0
7.0
2.0
1.0
14.0
6.0
4.0
6.0
2.0
1.0
30.0
15.0
0.0
18.0
9.0
0.0
10.0
18.0
2.0
7.0
12.0
16.0
2.0
10.0
2.0
6.0
24.0
44.0
0.0
24.0
0.0
16.0
5.0
13.0
0.0
7.0
0.0
5.0
2.0
1.0
14.0
6.0
4.0
6.0
2.0
1.0
30.0
15.0
0.0
18.0
9.0
0.0
10.0
18.0
2.0
7.0
12.0
16.0
2.0
10.0
2.0
6.0
24.0
44.0
0.0
24.0
0.0
16.0
5.0
13.0
0.0
7.0
0.0
5.0
3.0
0.0
0.0
0.0
24.0
0.0
0.0
9.0
4.0
0.0
41.0
6.0
0.0
21.0
0.0
0.0
37.0
0.0
0.0
0.0
48.0
0.0
0.0
0.0
8.0
0.0
100.0
0.0
0.0
0.0
6.0
0.0
24.0
0.0
0.0
0.0
3.0
0.0
6.0
0.0
18.0
0.0
0.0
9.0
10.0
0.0
35.0
6.0
0.0
21.0
15.0
0.0
22.0
0.0
6.0
0.0
36.0
0.0
6.0
0.0
32.0
0.0
58.0
0.0
18.0
0.0
6.0
0.0
15.0
0.0
6.0
3.0
2.0
1.0
13.0
2.0
9.0
3.0
0.0
6.0
23.0
3.0
19.0
3.0
9.0
15.0
20.0
8.0
9.0
0.0
16.0
4.0
18.0
0.0
10.0
0.0
40.0
18.0
24.0
0.0
18.0
8.0
3.0
0.0
7.0
3.0
8.0
9.0
1.0
2.0
12.0
9.0
3.0
9.0
0.0
0.0
22.0
15.0
8.0
6.0
15.0
6.0
10.0
18.0
3.0
6.0
22.0
26.0
0.0
0.0
0.0
0.0
17.0
35.0
10.0
19.0
8.0
19.0
5.0
1.0
0.0
11.0
6.0
7.0
1.0
2.0
14.0
8.0
2.0
3.0
3.0
3.0
26.0
13.0
6.0
6.0
15.0
6.0
12.0
20.0
1.0
4.0
9.0
11.0
4.0
5.0
10.0
9.0
22.0
40.0
4.0
13.0
9.0
20.0
4.0
2.0
0.0
10.0
6.0
8.0
2.0
1.0
16.0
3.0
5.0
0.0
3.0
6.0
27.0
6.0
12.0
9.0
6.0
12.0
19.0
18.0
0.0
0.0
0.0
0.0
10.0
6.0
18.0
14.0
34.0
32.0
4.0
2.0
22.0
14.0
4.0
5.0
4.0
3.0
8.0
6.0
2.0
1.0
14.0
4.0
6.0
6.0
0.0
3.0
23.0
8.0
14.0
9.0
6.0
12.0
17.0
16.0
2.0
2.0
15.0
13.0
5.0
2.0
9.0
4.0
28.0
28.0
10.0
7.0
21.0
14.0
4.0
5.0
4.0
3.0
8.0
6.0
2.0
1.0
14.0
4.0
6.0
6.0
0.0
3.0
23.0
8.0
14.0
9.0
6.0
12.0
17.0
16.0
2.0
2.0
15.0
13.0
5.0
2.0
9.0
4.0
28.0
28.0
10.0
7.0
21.0
14.0
4.0
5.0
4.0
3.0
8.0
6.0
2.0
1.0
15.0
3.0
6.0
3.0
3.0
3.0
25.0
6.0
14.0
9.0
6.0
12.0
19.0
14.0
3.0
1.0
11.0
9.0
5.0
4.0
9.0
10.0
32.0
28.0
8.0
3.0
21.0
16.0
5.0
4.0
4.0
3.0
8.0
6.0
2.0
1.0
15.0
3.0
6.0
3.0
3.0
3.0
25.0
6.0
14.0
9.0
6.0
12.0
19.0
14.0
3.0
1.0
11.0
9.0
5.0
4.0
9.0
10.0
32.0
28.0
8.0
3.0
21.0
16.0
5.0
4.0
4.0
3.0
8.0
6.0
2.0
1.0
13.0
4.0
7.0
9.0
0.0
0.0
21.0
8.0
16.0
9.0
6.0
12.0
17.0
12.0
5.0
3.0
26.0
22.0
0.0
0.0
0.0
0.0
26.0
24.0
14.0
8.0
20.0
16.0
5.0
4.0
4.0
3.0
8.0
6.0
1.0
2.0
13.0
9.0
2.0
6.0
0.0
3.0
26.0
14.0
5.0
0.0
18.0
9.0
8.0
23.0
1.0
5.0
14.0
14.0
4.0
4.0
10.0
2.0
20.0
44.0
4.0
14.0
8.0
18.0
0.0
0.0
2.0
12.0
7.0
9.0
1.0
2.0
12.0
9.0
3.0
9.0
0.0
0.0
24.0
14.0
7.0
0.0
18.0
9.0
10.0
18.0
3.0
6.0
22.0
26.0
0.0
0.0
0.0
0.0
22.0
34.0
8.0
20.0
8.0
16.0
0.0
0.0
3.0
12.0
6.0
9.0
2.0
1.0
13.0
2.0
9.0
3.0
0.0
6.0
23.0
3.0
19.0
3.0
9.0
15.0
20.0
8.0
9.0
0.0
16.0
4.0
18.0
0.0
10.0
0.0
40.0
18.0
24.0
0.0
18.0
8.0
3.0
0.0
7.0
3.0
8.0
9.0
1.0
2.0
14.0
8.0
2.0
3.0
3.0
3.0
28.0
12.0
5.0
0.0
18.0
9.0
12.0
20.0
1.0
4.0
9.0
11.0
4.0
5.0
10.0
9.0
24.0
42.0
3.0
12.0
8.0
19.0
0.0
0.0
2.0
11.0
7.0
10.0
2.0
1.0
14.0
4.0
6.0
6.0
0.0
3.0
25.0
7.0
13.0
3.0
9.0
15.0
17.0
16.0
2.0
2.0
15.0
13.0
5.0
2.0
9.0
4.0
29.0
31.0
10.0
6.0
19.0
13.0
1.0
2.0
6.0
5.0
9.0
7.0
2.0
1.0
16.0
3.0
5.0
0.0
3.0
6.0
29.0
5.0
11.0
3.0
9.0
15.0
19.0
18.0
0.0
0.0
0.0
0.0
10.0
6.0
18.0
14.0
37.0
33.0
2.0
1.0
22.0
13.0
1.0
2.0
5.0
4.0
10.0
8.0
2.0
1.0
14.0
4.0
6.0
6.0
0.0
3.0
25.0
7.0
13.0
3.0
9.0
15.0
17.0
16.0
2.0
2.0
15.0
13.0
5.0
2.0
9.0
4.0
28.0
32.0
10.0
5.0
19.0
14.0
2.0
1.0
5.0
5.0
10.0
7.0
2.0
1.0
15.0
3.0
6.0
3.0
3.0
3.0
27.0
5.0
13.0
3.0
9.0
15.0
19.0
14.0
3.0
1.0
11.0
9.0
5.0
4.0
9.0
10.0
36.0
28.0
6.0
3.0
21.0
14.0
1.0
2.0
6.0
4.0
9.0
8.0
2.0
1.0
13.0
4.0
7.0
9.0
0.0
0.0
23.0
7.0
15.0
3.0
9.0
15.0
17.0
12.0
5.0
3.0
26.0
22.0
0.0
0.0
0.0
0.0
27.0
27.0
14.0
7.0
18.0
15.0
2.0
1.0
6.0
5.0
9.0
7.0
2.0
1.0
15.0
3.0
6.0
3.0
3.0
3.0
27.0
5.0
13.0
3.0
9.0
15.0
19.0
14.0
3.0
1.0
11.0
9.0
5.0
4.0
9.0
10.0
35.0
29.0
6.0
2.0
21.0
15.0
2.0
1.0
5.0
4.0
10.0
8.0
2.0
1.0
14.0
4.0
6.0
6.0
0.0
3.0
25.0
7.0
13.0
3.0
9.0
15.0
17.0
16.0
2.0
2.0
15.0
13.0
5.0
2.0
9.0
4.0
29.0
31.0
10.0
6.0
19.0
13.0
1.0
2.0
6.0
5.0
9.0
7.0
2.0
1.0
14.0
4.0
6.0
6.0
0.0
3.0
25.0
7.0
13.0
3.0
9.0
15.0
17.0
16.0
2.0
2.0
15.0
13.0
5.0
2.0
9.0
4.0
28.0
32.0
10.0
5.0
19.0
14.0
2.0
1.0
5.0
5.0
10.0
7.0
3.0
0.0
9.0
0.0
15.0
0.0
0.0
9.0
16.0
0.0
29.0
6.0
0.0
21.0
27.0
0.0
10.0
0.0
0.0
0.0
30.0
0.0
12.0
6.0
40.0
4.0
38.0
0.0
26.0
0.0
4.0
2.0
14.0
0.0
7.0
3.0
2.0
1.0
16.0
3.0
5.0
0.0
3.0
6.0
29.0
5.0
11.0
3.0
9.0
15.0
19.0
18.0
0.0
0.0
0.0
0.0
10.0
6.0
18.0
14.0
37.0
33.0
2.0
1.0
22.0
13.0
1.0
2.0
5.0
4.0
10.0
8.0
2.0
1.0
13.0
4.0
7.0
9.0
0.0
0.0
23.0
7.0
15.0
3.0
9.0
15.0
17.0
12.0
5.0
3.0
26.0
22.0
0.0
0.0
0.0
0.0
27.0
27.0
14.0
7.0
18.0
15.0
2.0
1.0
6.0
5.0
9.0
7.0
2.0
1.0
15.0
3.0
6.0
3.0
3.0
3.0
27.0
5.0
13.0
3.0
9.0
15.0
19.0
14.0
3.0
1.0
11.0
9.0
5.0
4.0
9.0
10.0
35.0
29.0
6.0
2.0
21.0
15.0
2.0
1.0
5.0
4.0
10.0
8.0
3.0
0.0
13.0
0.0
11.0
6.0
0.0
3.0
24.0
0.0
21.0
6.0
0.0
21.0
23.0
9.0
5.0
0.0
16.0
12.0
6.0
0.0
8.0
6.0
39.0
21.0
19.0
0.0
25.0
4.0
1.0
5.0
13.0
0.0
8.0
3.0
3.0
0.0
13.0
0.0
11.0
6.0
0.0
3.0
24.0
0.0
21.0
6.0
0.0
21.0
23.0
9.0
5.0
0.0
16.0
12.0
6.0
0.0
8.0
6.0
39.0
21.0
19.0
0.0
25.0
4.0
1.0
5.0
13.0
0.0
8.0
3.0
0.0
3.0
13.0
11.0
0.0
6.0
3.0
0.0
25.0
20.0
0.0
3.0
24.0
0.0
9.0
23.0
0.0
5.0
12.0
16.0
0.0
6.0
6.0
8.0
22.0
40.0
0.0
18.0
4.0
24.0
3.0
0.0
0.0
14.0
3.0
10.0
3.0
0.0
8.0
0.0
16.0
3.0
0.0
6.0
14.0
0.0
31.0
6.0
0.0
21.0
18.0
2.0
17.0
0.0
18.0
2.0
20.0
0.0
8.0
0.0
36.0
4.0
44.0
0.0
22.0
2.0
4.0
2.0
15.0
0.0
6.0
3.0
0.0
3.0
13.0
11.0
0.0
6.0
3.0
0.0
25.0
20.0
0.0
3.0
24.0
0.0
9.0
23.0
0.0
5.0
12.0
16.0
0.0
6.0
6.0
8.0
21.0
41.0
0.0
17.0
4.0
25.0
2.0
1.0
0.0
13.0
3.0
11.0
0.0
3.0
13.0
11.0
0.0
6.0
3.0
0.0
25.0
20.0
0.0
3.0
24.0
0.0
9.0
23.0
0.0
5.0
12.0
16.0
0.0
6.0
6.0
8.0
21.0
41.0
0.0
17.0
4.0
25.0
2.0
1.0
0.0
13.0
3.0
11.0
1.0
2.0
16.0
5.0
3.0
0.0
6.0
3.0
28.0
11.0
6.0
6.0
15.0
6.0
18.0
19.0
0.0
0.0
0.0
0.0
6.0
10.0
14.0
18.0
33.0
35.0
1.0
2.0
15.0
22.0
3.0
3.0
3.0
5.0
6.0
10.0
1.0
2.0
14.0
6.0
4.0
6.0
3.0
0.0
24.0
13.0
8.0
6.0
15.0
6.0
16.0
17.0
2.0
2.0
13.0
15.0
2.0
5.0
4.0
9.0
28.0
30.0
7.0
8.0
14.0
21.0
4.0
2.0
3.0
6.0
6.0
9.0
1.0
2.0
14.0
6.0
4.0
6.0
3.0
0.0
24.0
13.0
8.0
6.0
15.0
6.0
16.0
17.0
2.0
2.0
13.0
15.0
2.0
5.0
4.0
9.0
29.0
29.0
6.0
8.0
15.0
21.0
3.0
3.0
3.0
5.0
6.0
10.0
3.0
0.0
8.0
0.0
16.0
3.0
0.0
6.0
14.0
0.0
31.0
6.0
0.0
21.0
18.0
2.0
17.0
0.0
18.0
2.0
20.0
0.0
8.0
0.0
37.0
3.0
43.0
0.0
23.0
2.0
5.0
1.0
14.0
0.0
7.0
3.0
1.0
2.0
14.0
6.0
4.0
6.0
3.0
0.0
24.0
13.0
8.0
6.0
15.0
6.0
16.0
17.0
2.0
2.0
13.0
15.0
2.0
5.0
4.0
9.0
28.0
30.0
7.0
8.0
14.0
21.0
4.0
2.0
3.0
6.0
6.0
9.0
1.0
2.0
14.0
6.0
4.0
6.0
3.0
0.0
24.0
13.0
8.0
6.0
15.0
6.0
16.0
17.0
2.0
2.0
13.0
15.0
2.0
5.0
4.0
9.0
29.0
29.0
6.0
8.0
15.0
21.0
3.0
3.0
3.0
5.0
6.0
10.0
2.0
1.0
14.0
2.0
8.0
3.0
3.0
3.0
25.0
6.0
14.0
9.0
6.0
12.0
20.0
12.0
4.0
1.0
11.0
9.0
5.0
4.0
9.0
10.0
40.0
20.0
14.0
5.0
21.0
8.0
2.0
7.0
10.0
0.0
5.0
6.0
2.0
1.0
14.0
2.0
8.0
3.0
3.0
3.0
25.0
6.0
14.0
9.0
6.0
12.0
20.0
12.0
4.0
1.0
11.0
9.0
5.0
4.0
9.0
10.0
40.0
20.0
14.0
5.0
21.0
8.0
2.0
7.0
10.0
0.0
5.0
6.0
2.0
1.0
13.0
2.0
9.0
6.0
3.0
0.0
23.0
6.0
16.0
9.0
6.0
12.0
23.0
8.0
5.0
1.0
14.0
14.0
4.0
4.0
2.0
10.0
42.0
16.0
14.0
4.0
22.0
10.0
3.0
6.0
10.0
0.0
5.0
6.0
1.0
2.0
13.0
7.0
4.0
9.0
0.0
0.0
24.0
14.0
7.0
0.0
18.0
9.0
12.0
17.0
3.0
5.0
22.0
26.0
0.0
0.0
0.0
0.0
28.0
28.0
8.0
14.0
14.0
16.0
0.0
0.0
5.0
8.0
7.0
10.0
1.0
2.0
15.0
6.0
3.0
3.0
3.0
3.0
28.0
12.0
5.0
0.0
18.0
9.0
14.0
19.0
1.0
3.0
9.0
11.0
4.0
5.0
10.0
9.0
30.0
36.0
3.0
6.0
14.0
19.0
0.0
0.0
4.0
7.0
8.0
11.0
3.0
0.0
8.0
0.0
16.0
3.0
0.0
6.0
14.0
0.0
31.0
6.0
0.0
21.0
18.0
2.0
17.0
0.0
18.0
2.0
20.0
0.0
8.0
0.0
37.0
3.0
43.0
0.0
23.0
2.0
5.0
1.0
14.0
0.0
7.0
3.0
1.0
2.0
15.0
6.0
3.0
3.0
3.0
3.0
28.0
12.0
5.0
0.0
18.0
9.0
14.0
19.0
1.0
3.0
9.0
11.0
4.0
5.0
10.0
9.0
30.0
36.0
3.0
6.0
14.0
19.0
0.0
0.0
4.0
7.0
8.0
11.0
1.0
2.0
14.0
6.0
4.0
6.0
3.0
0.0
26.0
12.0
7.0
0.0
18.0
9.0
16.0
17.0
2.0
2.0
13.0
15.0
2.0
5.0
4.0
9.0
32.0
30.0
5.0
8.0
14.0
19.0
0.0
0.0
5.0
7.0
7.0
11.0
1.0
2.0
16.0
5.0
3.0
0.0
6.0
3.0
30.0
10.0
5.0
0.0
18.0
9.0
18.0
19.0
0.0
0.0
0.0
0.0
6.0
10.0
14.0
18.0
34.0
38.0
0.0
0.0
14.0
22.0
0.0
0.0
4.0
6.0
8.0
12.0
2.0
1.0
14.0
2.0
8.0
3.0
3.0
3.0
27.0
5.0
13.0
3.0
9.0
15.0
20.0
12.0
4.0
1.0
11.0
9.0
5.0
4.0
9.0
10.0
42.0
22.0
13.0
4.0
20.0
7.0
0.0
3.0
11.0
2.0
7.0
7.0
2.0
1.0
12.0
3.0
9.0
9.0
0.0
0.0
23.0
7.0
15.0
3.0
9.0
15.0
18.0
10.0
6.0
3.0
26.0
22.0
0.0
0.0
0.0
0.0
33.0
21.0
21.0
8.0
17.0
8.0
1.0
2.0
11.0
3.0
7.0
6.0
2.0
1.0
14.0
2.0
8.0
3.0
3.0
3.0
27.0
5.0
13.0
3.0
9.0
15.0
20.0
12.0
4.0
1.0
11.0
9.0
5.0
4.0
9.0
10.0
41.0
23.0
13.0
3.0
20.0
8.0
1.0
2.0
10.0
2.0
8.0
7.0
2.0
1.0
12.0
3.0
9.0
9.0
0.0
0.0
23.0
7.0
15.0
3.0
9.0
15.0
18.0
10.0
6.0
3.0
26.0
22.0
0.0
0.0
0.0
0.0
33.0
21.0
21.0
8.0
17.0
8.0
1.0
2.0
11.0
3.0
7.0
6.0
2.0
1.0
14.0
2.0
8.0
3.0
3.0
3.0
27.0
5.0
13.0
3.0
9.0
15.0
20.0
12.0
4.0
1.0
11.0
9.0
5.0
4.0
9.0
10.0
42.0
22.0
13.0
4.0
20.0
7.0
0.0
3.0
11.0
2.0
7.0
7.0
1.0
2.0
16.0
3.0
5.0
6.0
0.0
3.0
28.0
7.0
10.0
6.0
15.0
6.0
22.0
10.0
5.0
0.0
22.0
6.0
10.0
0.0
10.0
0.0
44.0
20.0
14.0
0.0
16.0
14.0
6.0
0.0
3.0
4.0
6.0
11.0
2.0
1.0
14.0
2.0
8.0
3.0
3.0
3.0
27.0
5.0
13.0
3.0
9.0
15.0
20.0
12.0
4.0
1.0
11.0
9.0
5.0
4.0
9.0
10.0
41.0
23.0
13.0
3.0
20.0
8.0
1.0
2.0
10.0
2.0
8.0
7.0
2.0
1.0
13.0
2.0
9.0
6.0
3.0
0.0
25.0
5.0
15.0
3.0
9.0
15.0
23.0
8.0
5.0
1.0
14.0
14.0
4.0
4.0
2.0
10.0
44.0
18.0
13.0
3.0
21.0
9.0
1.0
2.0
11.0
2.0
7.0
7.0
0.0
3.0
6.0
18.0
0.0
9.0
0.0
0.0
17.0
28.0
0.0
3.0
24.0
0.0
3.0
15.0
0.0
19.0
12.0
30.0
0.0
6.0
0.0
0.0
14.0
32.0
0.0
52.0
0.0
10.0
2.0
1.0
0.0
23.0
0.0
4.0
0.0
3.0
7.0
17.0
0.0
6.0
3.0
0.0
19.0
26.0
0.0
3.0
24.0
0.0
5.0
16.0
0.0
16.0
8.0
26.0
0.0
8.0
0.0
6.0
17.0
29.0
0.0
51.0
0.0
11.0
2.0
1.0
0.0
22.0
0.0
5.0
1.0
2.0
12.0
10.0
2.0
6.0
3.0
0.0
22.0
17.0
6.0
6.0
15.0
6.0
9.0
19.0
1.0
8.0
11.0
23.0
0.0
7.0
0.0
7.0
12.0
38.0
5.0
24.0
8.0
21.0
4.0
2.0
0.0
12.0
6.0
6.0
1.0
2.0
12.0
10.0
2.0
6.0
3.0
0.0
22.0
17.0
6.0
6.0
15.0
6.0
9.0
19.0
1.0
8.0
11.0
23.0
0.0
7.0
0.0
7.0
13.0
37.0
4.0
24.0
9.0
21.0
3.0
3.0
0.0
11.0
6.0
7.0
1.0
2.0
12.0
10.0
2.0
6.0
3.0
0.0
22.0
17.0
6.0
6.0
15.0
6.0
9.0
19.0
1.0
8.0
11.0
23.0
0.0
7.0
0.0
7.0
13.0
37.0
4.0
24.0
9.0
21.0
3.0
3.0
0.0
11.0
6.0
7.0
2.0
1.0
12.0
1.0
11.0
3.0
0.0
6.0
21.0
4.0
20.0
9.0
6.0
12.0
21.0
6.0
10.0
0.0
16.0
4.0
18.0
0.0
10.0
0.0
40.0
6.0
32.0
2.0
22.0
6.0
6.0
3.0
10.0
0.0
5.0
6.0
2.0
1.0
16.0
4.0
4.0
3.0
3.0
3.0
27.0
8.0
10.0
9.0
6.0
12.0
14.0
21.0
0.0
2.0
5.0
9.0
3.0
8.0
11.0
12.0
26.0
38.0
2.0
7.0
19.0
16.0
2.0
7.0
4.0
3.0
8.0
6.0
2.0
1.0
14.0
5.0
5.0
9.0
0.0
0.0
23.0
10.0
12.0
9.0
6.0
12.0
15.0
16.0
1.0
5.0
16.0
26.0
0.0
2.0
0.0
4.0
24.0
30.0
6.0
14.0
20.0
14.0
2.0
7.0
4.0
3.0
8.0
6.0
2.0
1.0
15.0
4.0
5.0
6.0
3.0
0.0
25.0
8.0
12.0
9.0
6.0
12.0
16.0
16.0
2.0
3.0
14.0
20.0
0.0
6.0
0.0
8.0
26.0
32.0
4.0
8.0
20.0
18.0
3.0
6.0
4.0
3.0
8.0
6.0
1.0
2.0
11.0
11.0
2.0
9.0
0.0
0.0
22.0
18.0
5.0
0.0
18.0
9.0
6.0
20.0
1.0
10.0
14.0
28.0
0.0
4.0
0.0
2.0
14.0
38.0
4.0
28.0
8.0
16.0
0.0
0.0
2.0
14.0
7.0
7.0
1.0
2.0
13.0
10.0
1.0
3.0
3.0
3.0
26.0
16.0
3.0
0.0
18.0
9.0
5.0
25.0
0.0
7.0
5.0
9.0
2.0
11.0
12.0
9.0
12.0
50.0
1.0
18.0
6.0
21.0
0.0
0.0
1.0
13.0
8.0
8.0
1.0
2.0
13.0
10.0
1.0
3.0
3.0
3.0
26.0
16.0
3.0
0.0
18.0
9.0
5.0
25.0
0.0
7.0
5.0
9.0
2.0
11.0
12.0
9.0
12.0
50.0
1.0
18.0
6.0
21.0
0.0
0.0
1.0
13.0
8.0
8.0
1.0
2.0
12.0
10.0
2.0
6.0
3.0
0.0
24.0
16.0
5.0
0.0
18.0
9.0
9.0
19.0
1.0
8.0
11.0
23.0
0.0
7.0
0.0
7.0
16.0
38.0
3.0
24.0
8.0
19.0
0.0
0.0
2.0
13.0
7.0
8.0
1.0
2.0
14.0
9.0
1.0
0.0
6.0
3.0
28.0
14.0
3.0
0.0
18.0
9.0
8.0
24.0
0.0
5.0
2.0
4.0
2.0
14.0
12.0
14.0
14.0
50.0
0.0
14.0
6.0
24.0
0.0
0.0
1.0
12.0
8.0
9.0
2.0
1.0
16.0
4.0
4.0
3.0
3.0
3.0
29.0
7.0
9.0
3.0
9.0
15.0
14.0
21.0
0.0
2.0
5.0
9.0
3.0
8.0
11.0
12.0
28.0
40.0
1.0
6.0
18.0
15.0
0.0
3.0
5.0
5.0
10.0
7.0
2.0
1.0
14.0
5.0
5.0
9.0
0.0
0.0
25.0
9.0
11.0
3.0
9.0
15.0
15.0
16.0
1.0
5.0
16.0
26.0
0.0
2.0
0.0
4.0
23.0
35.0
7.0
12.0
17.0
14.0
1.0
2.0
5.0
6.0
10.0
6.0
2.0
1.0
15.0
4.0
5.0
6.0
3.0
0.0
27.0
7.0
11.0
3.0
9.0
15.0
16.0
16.0
2.0
3.0
14.0
20.0
0.0
6.0
0.0
8.0
28.0
34.0
3.0
7.0
19.0
17.0
1.0
2.0
5.0
5.0
10.0
7.0
2.0
1.0
14.0
5.0
5.0
9.0
0.0
0.0
25.0
9.0
11.0
3.0
9.0
15.0
15.0
16.0
1.0
5.0
16.0
26.0
0.0
2.0
0.0
4.0
23.0
35.0
7.0
12.0
17.0
14.0
1.0
2.0
5.0
6.0
10.0
6.0
2.0
1.0
16.0
4.0
4.0
3.0
3.0
3.0
29.0
7.0
9.0
3.0
9.0
15.0
14.0
21.0
0.0
2.0
5.0
9.0
3.0
8.0
11.0
12.0
27.0
41.0
1.0
5.0
18.0
16.0
1.0
2.0
4.0
5.0
11.0
7.0
2.0
1.0
15.0
4.0
5.0
6.0
3.0
0.0
27.0
7.0
11.0
3.0
9.0
15.0
16.0
16.0
2.0
3.0
14.0
20.0
0.0
6.0
0.0
8.0
28.0
34.0
3.0
7.0
19.0
17.0
1.0
2.0
5.0
5.0
10.0
7.0
3.0
0.0
15.0
0.0
9.0
9.0
0.0
0.0
28.0
0.0
17.0
6.0
0.0
21.0
18.0
15.0
4.0
0.0
18.0
24.0
0.0
0.0
0.0
6.0
36.0
32.0
12.0
0.0
22.0
6.0
0.0
6.0
12.0
0.0
9.0
3.0
0.0
3.0
10.0
14.0
0.0
6.0
3.0
0.0
19.0
26.0
0.0
3.0
24.0
0.0
5.0
19.0
0.0
13.0
8.0
26.0
0.0
8.0
0.0
6.0
12.0
38.0
0.0
32.0
4.0
22.0
2.0
1.0
0.0
16.0
3.0
8.0
2.0
1.0
11.0
0.0
13.0
3.0
0.0
6.0
19.0
2.0
24.0
9.0
6.0
12.0
21.0
0.0
16.0
0.0
14.0
0.0
26.0
0.0
8.0
0.0
42.0
0.0
44.0
0.0
18.0
4.0
9.0
0.0
10.0
0.0
5.0
6.0
2.0
1.0
11.0
1.0
12.0
6.0
0.0
3.0
19.0
4.0
22.0
9.0
6.0
12.0
20.0
4.0
13.0
0.0
23.0
5.0
13.0
0.0
7.0
0.0
38.0
6.0
36.0
1.0
19.0
8.0
7.0
2.0
10.0
0.0
5.0
6.0
0.0
3.0
11.0
13.0
0.0
3.0
6.0
0.0
21.0
24.0
0.0
3.0
24.0
0.0
4.0
26.0
0.0
7.0
4.0
10.0
0.0
16.0
6.0
12.0
11.0
43.0
0.0
25.0
2.0
27.0
2.0
1.0
0.0
15.0
3.0
9.0
0.0
3.0
11.0
13.0
0.0
3.0
6.0
0.0
21.0
24.0
0.0
3.0
24.0
0.0
4.0
26.0
0.0
7.0
4.0
10.0
0.0
16.0
6.0
12.0
11.0
43.0
0.0
25.0
2.0
27.0
2.0
1.0
0.0
15.0
3.0
9.0
0.0
3.0
11.0
13.0
0.0
3.0
6.0
0.0
21.0
24.0
0.0
3.0
24.0
0.0
4.0
26.0
0.0
7.0
4.0
10.0
0.0
16.0
6.0
12.0
10.0
44.0
0.0
24.0
2.0
28.0
1.0
2.0
0.0
14.0
3.0
10.0
1.0
2.0
14.0
7.0
3.0
3.0
6.0
0.0
24.0
15.0
6.0
6.0
15.0
6.0
14.0
20.0
0.0
3.0
4.0
10.0
2.0
14.0
4.0
14.0
24.0
36.0
1.0
11.0
13.0
23.0
2.0
4.0
3.0
6.0
6.0
9.0
2.0
1.0
11.0
1.0
12.0
6.0
0.0
3.0
19.0
4.0
22.0
9.0
6.0
12.0
20.0
4.0
13.0
0.0
23.0
5.0
13.0
0.0
7.0
0.0
38.0
6.0
36.0
1.0
19.0
8.0
7.0
2.0
10.0
0.0
5.0
6.0
2.0
1.0
14.0
3.0
7.0
6.0
3.0
0.0
25.0
8.0
12.0
9.0
6.0
12.0
17.0
14.0
3.0
3.0
14.0
20.0
0.0
6.0
0.0
8.0
36.0
26.0
10.0
10.0
18.0
8.0
0.0
9.0
10.0
0.0
5.0
6.0
1.0
2.0
13.0
8.0
3.0
6.0
3.0
0.0
24.0
16.0
5.0
0.0
18.0
9.0
11.0
18.0
1.0
7.0
11.0
23.0
0.0
7.0
0.0
7.0
24.0
34.0
3.0
18.0
12.0
17.0
0.0
0.0
4.0
9.0
8.0
9.0
1.0
2.0
13.0
8.0
3.0
6.0
3.0
0.0
24.0
16.0
5.0
0.0
18.0
9.0
11.0
18.0
1.0
7.0
11.0
23.0
0.0
7.0
0.0
7.0
24.0
34.0
3.0
18.0
12.0
17.0
0.0
0.0
4.0
9.0
8.0
9.0
1.0
2.0
15.0
7.0
2.0
0.0
6.0
3.0
28.0
14.0
3.0
0.0
18.0
9.0
10.0
23.0
0.0
4.0
2.0
4.0
2.0
14.0
12.0
14.0
22.0
46.0
0.0
8.0
10.0
22.0
0.0
0.0
3.0
8.0
9.0
10.0
2.0
1.0
14.0
3.0
7.0
6.0
3.0
0.0
27.0
7.0
11.0
3.0
9.0
15.0
17.0
14.0
3.0
3.0
14.0
20.0
0.0
6.0
0.0
8.0
36.0
30.0
10.0
8.0
16.0
8.0
0.0
3.0
10.0
3.0
8.0
6.0
2.0
1.0
14.0
3.0
7.0
6.0
3.0
0.0
27.0
7.0
11.0
3.0
9.0
15.0
17.0
14.0
3.0
3.0
14.0
20.0
0.0
6.0
0.0
8.0
36.0
30.0
10.0
8.0
16.0
8.0
0.0
3.0
10.0
3.0
8.0
6.0
0.0
3.0
4.0
20.0
0.0
6.0
3.0
0.0
13.0
32.0
0.0
3.0
24.0
0.0
1.0
12.0
0.0
24.0
4.0
24.0
0.0
16.0
0.0
4.0
8.0
26.0
0.0
66.0
0.0
8.0
2.0
1.0
0.0
25.0
0.0
2.0
1.0
2.0
16.0
3.0
5.0
6.0
0.0
3.0
30.0
6.0
9.0
0.0
18.0
9.0
22.0
10.0
5.0
0.0
22.0
6.0
10.0
0.0
10.0
0.0
48.0
20.0
12.0
0.0
16.0
12.0
0.0
0.0
6.0
4.0
6.0
14.0
0.0
3.0
4.0
20.0
0.0
6.0
3.0
0.0
13.0
32.0
0.0
3.0
24.0
0.0
1.0
12.0
0.0
24.0
4.0
24.0
0.0
16.0
0.0
4.0
7.0
27.0
0.0
65.0
0.0
9.0
1.0
2.0
0.0
24.0
0.0
3.0
0.0
3.0
4.0
20.0
0.0
6.0
3.0
0.0
13.0
32.0
0.0
3.0
24.0
0.0
1.0
12.0
0.0
24.0
4.0
24.0
0.0
16.0
0.0
4.0
7.0
27.0
0.0
65.0
0.0
9.0
1.0
2.0
0.0
24.0
0.0
3.0
0.0
3.0
5.0
19.0
0.0
3.0
6.0
0.0
15.0
30.0
0.0
3.0
24.0
0.0
2.0
15.0
0.0
20.0
2.0
18.0
0.0
20.0
0.0
8.0
9.0
25.0
0.0
63.0
0.0
11.0
2.0
1.0
0.0
24.0
0.0
3.0
0.0
3.0
5.0
19.0
0.0
3.0
6.0
0.0
15.0
30.0
0.0
3.0
24.0
0.0
2.0
15.0
0.0
20.0
2.0
18.0
0.0
20.0
0.0
8.0
8.0
26.0
0.0
62.0
0.0
12.0
1.0
2.0
0.0
23.0
0.0
4.0
2.0
1.0
16.0
5.0
3.0
6.0
3.0
0.0
27.0
10.0
8.0
9.0
6.0
12.0
10.0
22.0
0.0
5.0
6.0
22.0
0.0
10.0
0.0
10.0
20.0
42.0
0.0
14.0
16.0
16.0
0.0
9.0
4.0
3.0
8.0
6.0
1.0
2.0
11.0
12.0
1.0
6.0
3.0
0.0
22.0
20.0
3.0
0.0
18.0
9.0
4.0
20.0
0.0
13.0
5.0
23.0
0.0
13.0
0.0
7.0
8.0
42.0
1.0
34.0
6.0
17.0
0.0
0.0
1.0
15.0
8.0
6.0
1.0
2.0
11.0
12.0
1.0
6.0
3.0
0.0
22.0
20.0
3.0
0.0
18.0
9.0
4.0
20.0
0.0
13.0
5.0
23.0
0.0
13.0
0.0
7.0
8.0
42.0
1.0
34.0
6.0
17.0
0.0
0.0
1.0
15.0
8.0
6.0
1.0
2.0
12.0
11.0
1.0
3.0
6.0
0.0
24.0
18.0
3.0
0.0
18.0
9.0
6.0
21.0
0.0
10.0
4.0
16.0
0.0
18.0
0.0
10.0
8.0
44.0
0.0
28.0
6.0
22.0
0.0
0.0
1.0
14.0
8.0
7.0
2.0
1.0
16.0
5.0
3.0
6.0
3.0
0.0
29.0
9.0
7.0
3.0
9.0
15.0
10.0
22.0
0.0
5.0
6.0
22.0
0.0
10.0
0.0
10.0
20.0
46.0
0.0
12.0
14.0
16.0
0.0
3.0
4.0
6.0
11.0
6.0
2.0
1.0
11.0
1.0
12.0
6.0
0.0
3.0
21.0
3.0
21.0
3.0
9.0
15.0
20.0
4.0
13.0
0.0
23.0
5.0
13.0
0.0
7.0
0.0
41.0
7.0
35.0
1.0
18.0
6.0
2.0
1.0
13.0
1.0
5.0
8.0
0.0
3.0
8.0
16.0
0.0
3.0
6.0
0.0
15.0
30.0
0.0
3.0
24.0
0.0
2.0
18.0
0.0
17.0
2.0
18.0
0.0
20.0
0.0
8.0
5.0
37.0
0.0
43.0
2.0
21.0
1.0
2.0
0.0
17.0
3.0
7.0
0.0
3.0
8.0
16.0
0.0
3.0
6.0
0.0
15.0
30.0
0.0
3.0
24.0
0.0
2.0
18.0
0.0
17.0
2.0
18.0
0.0
20.0
0.0
8.0
5.0
37.0
0.0
43.0
2.0
21.0
1.0
2.0
0.0
17.0
3.0
7.0
1.0
2.0
13.0
9.0
2.0
3.0
6.0
0.0
24.0
18.0
3.0
0.0
18.0
9.0
8.0
20.0
0.0
9.0
4.0
16.0
0.0
18.0
0.0
10.0
18.0
42.0
0.0
22.0
8.0
18.0
0.0
0.0
3.0
10.0
9.0
8.0
0.0
3.0
2.0
22.0
0.0
3.0
6.0
0.0
9.0
36.0
0.0
3.0
24.0
0.0
0.0
7.0
0.0
30.0
0.0
14.0
0.0
30.0
0.0
4.0
3.0
19.0
0.0
81.0
0.0
5.0
1.0
2.0
0.0
26.0
0.0
1.0
0.0
3.0
2.0
22.0
0.0
3.0
6.0
0.0
9.0
36.0
0.0
3.0
24.0
0.0
0.0
7.0
0.0
30.0
0.0
14.0
0.0
30.0
0.0
4.0
3.0
19.0
0.0
81.0
0.0
5.0
1.0
2.0
0.0
26.0
0.0
1.0
0.0
3.0
2.0
22.0
0.0
3.0
6.0
0.0
9.0
36.0
0.0
3.0
24.0
0.0
0.0
7.0
0.0
30.0
0.0
14.0
0.0
30.0
0.0
4.0
2.0
20.0
0.0
80.0
0.0
6.0
0.0
3.0
0.0
25.0
0.0
2.0
2.0
1.0
13.0
0.0
11.0
0.0
3.0
6.0
25.0
1.0
19.0
3.0
9.0
15.0
28.0
0.0
9.0
0.0
0.0
0.0
22.0
0.0
12.0
14.0
57.0
1.0
23.0
0.0
25.0
2.0
2.0
1.0
12.0
0.0
6.0
9.0
0.0
3.0
3.0
21.0
0.0
0.0
9.0
0.0
11.0
34.0
0.0
3.0
24.0
0.0
0.0
12.0
0.0
25.0
0.0
6.0
0.0
36.0
0.0
6.0
2.0
20.0
0.0
76.0
0.0
10.0
1.0
2.0
0.0
25.0
0.0
2.0
0.0
3.0
6.0
18.0
0.0
0.0
9.0
0.0
11.0
34.0
0.0
3.0
24.0
0.0
0.0
15.0
0.0
22.0
0.0
6.0
0.0
36.0
0.0
6.0
0.0
34.0
0.0
56.0
0.0
18.0
0.0
3.0
0.0
18.0
3.0
6.0
0.0
3.0
0.0
24.0
0.0
0.0
9.0
0.0
5.0
40.0
0.0
3.0
24.0
0.0
0.0
0.0
0.0
37.0
0.0
0.0
0.0
48.0
0.0
0.0
0.0
10.0
0.0
98.0
0.0
0.0
0.0
3.0
0.0
27.0
0.0
0.0
2.0
1.0
11.0
1.0
12.0
6.0
0.0
3.0
21.0
3.0
21.0
3.0
9.0
15.0
20.0
4.0
13.0
0.0
23.0
5.0
13.0
0.0
7.0
0.0
40.0
8.0
35.0
0.0
18.0
7.0
3.0
0.0
12.0
1.0
6.0
8.0
2.0
1.0
11.0
1.0
12.0
6.0
0.0
3.0
21.0
3.0
21.0
3.0
9.0
15.0
20.0
4.0
13.0
0.0
23.0
5.0
13.0
0.0
7.0
0.0
41.0
7.0
35.0
1.0
18.0
6.0
2.0
1.0
13.0
1.0
5.0
8.0
2.0
1.0
11.0
1.0
12.0
6.0
0.0
3.0
21.0
3.0
21.0
3.0
9.0
15.0
20.0
4.0
13.0
0.0
23.0
5.0
13.0
0.0
7.0
0.0
40.0
8.0
35.0
0.0
18.0
7.0
3.0
0.0
12.0
1.0
6.0
8.0
2.0
1.0
11.0
0.0
13.0
3.0
0.0
6.0
21.0
1.0
23.0
3.0
9.0
15.0
21.0
0.0
16.0
0.0
14.0
0.0
26.0
0.0
8.0
0.0
46.0
0.0
42.0
0.0
18.0
2.0
3.0
0.0
13.0
0.0
5.0
9.0
2.0
1.0
13.0
0.0
11.0
0.0
3.0
6.0
25.0
1.0
19.0
3.0
9.0
15.0
28.0
0.0
9.0
0.0
0.0
0.0
22.0
0.0
12.0
14.0
57.0
1.0
23.0
0.0
25.0
2.0
2.0
1.0
12.0
0.0
6.0
9.0
3.0
0.0
5.0
0.0
19.0
3.0
0.0
6.0
14.0
0.0
31.0
6.0
0.0
21.0
15.0
2.0
20.0
0.0
18.0
2.0
20.0
0.0
8.0
0.0
22.0
10.0
66.0
0.0
10.0
0.0
2.0
4.0
23.0
0.0
1.0
0.0
3.0
0.0
5.0
0.0
19.0
3.0
0.0
6.0
14.0
0.0
31.0
6.0
0.0
21.0
15.0
2.0
20.0
0.0
18.0
2.0
20.0
0.0
8.0
0.0
23.0
9.0
65.0
0.0
11.0
0.0
3.0
3.0
22.0
0.0
2.0
0.0
3.0
0.0
4.0
0.0
20.0
6.0
0.0
3.0
12.0
0.0
33.0
6.0
0.0
21.0
12.0
1.0
24.0
0.0
24.0
4.0
16.0
0.0
4.0
0.0
27.0
5.0
65.0
0.0
11.0
0.0
3.0
3.0
23.0
0.0
1.0
0.0
3.0
0.0
4.0
0.0
20.0
6.0
0.0
3.0
12.0
0.0
33.0
6.0
0.0
21.0
12.0
1.0
24.0
0.0
24.0
4.0
16.0
0.0
4.0
0.0
27.0
5.0
65.0
0.0
11.0
0.0
3.0
3.0
23.0
0.0
1.0
0.0
3.0
0.0
4.0
0.0
20.0
6.0
0.0
3.0
12.0
0.0
33.0
6.0
0.0
21.0
12.0
1.0
24.0
0.0
24.0
4.0
16.0
0.0
4.0
0.0
28.0
4.0
64.0
0.0
12.0
0.0
4.0
2.0
22.0
0.0
2.0
0.0
1.0
2.0
14.0
7.0
3.0
6.0
0.0
3.0
26.0
11.0
8.0
6.0
15.0
6.0
14.0
17.0
3.0
3.0
20.0
14.0
6.0
0.0
8.0
0.0
28.0
36.0
10.0
10.0
8.0
16.0
6.0
0.0
0.0
10.0
6.0
8.0
1.0
2.0
14.0
7.0
3.0
6.0
0.0
3.0
26.0
11.0
8.0
6.0
15.0
6.0
14.0
17.0
3.0
3.0
20.0
14.0
6.0
0.0
8.0
0.0
28.0
36.0
10.0
10.0
8.0
16.0
6.0
0.0
0.0
10.0
6.0
8.0
2.0
1.0
14.0
3.0
7.0
3.0
0.0
6.0
23.0
6.0
16.0
9.0
6.0
12.0
20.0
14.0
3.0
0.0
10.0
4.0
14.0
2.0
14.0
4.0
34.0
24.0
14.0
2.0
22.0
12.0
6.0
3.0
4.0
3.0
8.0
6.0
2.0
1.0
11.0
0.0
13.0
3.0
0.0
6.0
21.0
1.0
23.0
3.0
9.0
15.0
21.0
0.0
16.0
0.0
14.0
0.0
26.0
0.0
8.0
0.0
46.0
0.0
42.0
0.0
18.0
2.0
3.0
0.0
13.0
0.0
5.0
9.0
2.0
1.0
15.0
2.0
7.0
0.0
3.0
6.0
25.0
4.0
16.0
9.0
6.0
12.0
23.0
10.0
4.0
0.0
4.0
2.0
14.0
2.0
14.0
12.0
40.0
22.0
12.0
0.0
22.0
12.0
7.0
2.0
4.0
3.0
8.0
6.0
2.0
1.0
13.0
3.0
8.0
6.0
0.0
3.0
21.0
6.0
18.0
9.0
6.0
12.0
18.0
11.0
7.0
1.0
23.0
11.0
7.0
0.0
7.0
0.0
30.0
22.0
20.0
3.0
19.0
14.0
7.0
2.0
4.0
3.0
8.0
6.0
2.0
1.0
13.0
3.0
8.0
6.0
0.0
3.0
21.0
6.0
18.0
9.0
6.0
12.0
18.0
11.0
7.0
1.0
23.0
11.0
7.0
0.0
7.0
0.0
30.0
22.0
20.0
3.0
19.0
14.0
7.0
2.0
4.0
3.0
8.0
6.0
2.0
1.0
14.0
3.0
7.0
3.0
0.0
6.0
25.0
5.0
15.0
3.0
9.0
15.0
20.0
14.0
3.0
0.0
10.0
4.0
14.0
2.0
14.0
4.0
36.0
26.0
13.0
1.0
21.0
11.0
2.0
1.0
6.0
4.0
9.0
8.0
2.0
1.0
13.0
3.0
8.0
6.0
0.0
3.0
23.0
5.0
17.0
3.0
9.0
15.0
18.0
11.0
7.0
1.0
23.0
11.0
7.0
0.0
7.0
0.0
33.0
23.0
19.0
3.0
18.0
12.0
2.0
1.0
7.0
4.0
8.0
8.0
2.0
1.0
13.0
3.0
8.0
6.0
0.0
3.0
23.0
5.0
17.0
3.0
9.0
15.0
18.0
11.0
7.0
1.0
23.0
11.0
7.0
0.0
7.0
0.0
32.0
24.0
19.0
2.0
18.0
13.0
3.0
0.0
6.0
4.0
9.0
8.0
2.0
1.0
14.0
3.0
7.0
3.0
0.0
6.0
25.0
5.0
15.0
3.0
9.0
15.0
20.0
14.0
3.0
0.0
10.0
4.0
14.0
2.0
14.0
4.0
36.0
26.0
13.0
1.0
21.0
11.0
2.0
1.0
6.0
4.0
9.0
8.0
2.0
1.0
15.0
2.0
7.0
0.0
3.0
6.0
27.0
3.0
15.0
3.0
9.0
15.0
23.0
10.0
4.0
0.0
4.0
2.0
14.0
2.0
14.0
12.0
45.0
21.0
9.0
0.0
23.0
10.0
2.0
1.0
6.0
3.0
9.0
9.0
3.0
0.0
11.0
0.0
13.0
3.0
0.0
6.0
20.0
0.0
25.0
6.0
0.0
21.0
26.0
4.0
7.0
0.0
10.0
4.0
16.0
0.0
12.0
6.0
40.0
12.0
28.0
0.0
26.0
2.0
2.0
4.0
14.0
0.0
7.0
3.0
3.0
0.0
10.0
0.0
14.0
6.0
0.0
3.0
18.0
0.0
27.0
6.0
0.0
21.0
19.0
5.0
13.0
0.0
26.0
8.0
8.0
0.0
6.0
0.0
39.0
9.0
31.0
0.0
25.0
4.0
3.0
3.0
14.0
0.0
7.0
3.0
3.0
0.0
10.0
0.0
14.0
6.0
0.0
3.0
18.0
0.0
27.0
6.0
0.0
21.0
19.0
5.0
13.0
0.0
26.0
8.0
8.0
0.0
6.0
0.0
39.0
9.0
31.0
0.0
25.0
4.0
3.0
3.0
14.0
0.0
7.0
3.0
0.0
3.0
15.0
9.0
0.0
9.0
0.0
0.0
29.0
16.0
0.0
3.0
24.0
0.0
15.0
18.0
0.0
4.0
24.0
18.0
0.0
0.0
6.0
0.0
34.0
36.0
0.0
12.0
6.0
20.0
3.0
0.0
0.0
12.0
3.0
12.0
3.0
0.0
2.0
0.0
22.0
3.0
0.0
6.0
8.0
0.0
37.0
6.0
0.0
21.0
7.0
0.0
30.0
0.0
14.0
0.0
30.0
0.0
4.0
0.0
18.0
2.0
82.0
0.0
6.0
0.0
4.0
2.0
24.0
0.0
0.0
0.0
1.0
2.0
16.0
4.0
4.0
3.0
3.0
3.0
28.0
9.0
8.0
6.0
15.0
6.0
21.0
14.0
2.0
0.0
9.0
5.0
8.0
3.0
12.0
11.0
39.0
27.0
7.0
1.0
16.0
18.0
5.0
1.0
3.0
5.0
6.0
10.0
1.0
2.0
16.0
4.0
4.0
3.0
3.0
3.0
28.0
9.0
8.0
6.0
15.0
6.0
21.0
14.0
2.0
0.0
9.0
5.0
8.0
3.0
12.0
11.0
40.0
26.0
6.0
1.0
17.0
18.0
4.0
2.0
3.0
4.0
6.0
11.0
1.0
2.0
14.0
5.0
5.0
9.0
0.0
0.0
24.0
11.0
10.0
6.0
15.0
6.0
16.0
15.0
5.0
1.0
26.0
16.0
2.0
0.0
4.0
0.0
31.0
25.0
14.0
5.0
14.0
19.0
5.0
1.0
3.0
5.0
6.0
10.0
1.0
2.0
16.0
4.0
4.0
3.0
3.0
3.0
28.0
9.0
8.0
6.0
15.0
6.0
21.0
14.0
2.0
0.0
9.0
5.0
8.0
3.0
12.0
11.0
39.0
27.0
7.0
1.0
16.0
18.0
5.0
1.0
3.0
5.0
6.0
10.0
1.0
2.0
14.0
5.0
5.0
9.0
0.0
0.0
24.0
11.0
10.0
6.0
15.0
6.0
16.0
15.0
5.0
1.0
26.0
16.0
2.0
0.0
4.0
0.0
31.0
25.0
14.0
5.0
14.0
19.0
5.0
1.0
3.0
5.0
6.0
10.0
2.0
1.0
14.0
1.0
9.0
0.0
3.0
6.0
25.0
4.0
16.0
9.0
6.0
12.0
24.0
8.0
5.0
0.0
4.0
2.0
14.0
2.0
14.0
12.0
46.0
12.0
18.0
2.0
24.0
6.0
4.0
5.0
10.0
0.0
5.0
6.0
2.0
1.0
12.0
2.0
10.0
6.0
0.0
3.0
21.0
6.0
18.0
9.0
6.0
12.0
19.0
9.0
8.0
1.0
23.0
11.0
7.0
0.0
7.0
0.0
36.0
12.0
26.0
5.0
21.0
8.0
4.0
5.0
10.0
0.0
5.0
6.0
2.0
1.0
12.0
2.0
10.0
6.0
0.0
3.0
21.0
6.0
18.0
9.0
6.0
12.0
19.0
9.0
8.0
1.0
23.0
11.0
7.0
0.0
7.0
0.0
36.0
12.0
26.0
5.0
21.0
8.0
4.0
5.0
10.0
0.0
5.0
6.0
2.0
1.0
13.0
1.0
10.0
3.0
3.0
3.0
23.0
4.0
18.0
9.0
6.0
12.0
25.0
5.0
7.0
0.0
9.0
5.0
11.0
2.0
9.0
12.0
46.0
10.0
20.0
1.0
23.0
8.0
5.0
4.0
10.0
0.0
5.0
6.0
2.0
1.0
13.0
1.0
10.0
3.0
3.0
3.0
23.0
4.0
18.0
9.0
6.0
12.0
25.0
5.0
7.0
0.0
9.0
5.0
11.0
2.0
9.0
12.0
46.0
10.0
20.0
1.0
23.0
8.0
5.0
4.0
10.0
0.0
5.0
6.0
1.0
2.0
15.0
5.0
4.0
6.0
0.0
3.0
28.0
10.0
7.0
0.0
18.0
9.0
16.0
16.0
3.0
2.0
20.0
14.0
6.0
0.0
8.0
0.0
36.0
28.0
8.0
4.0
16.0
16.0
0.0
0.0
5.0
6.0
7.0
12.0
1.0
2.0
16.0
4.0
4.0
3.0
3.0
3.0
30.0
8.0
7.0
0.0
18.0
9.0
21.0
14.0
2.0
0.0
9.0
5.0
8.0
3.0
12.0
11.0
42.0
28.0
5.0
0.0
16.0
17.0
0.0
0.0
5.0
5.0
7.0
13.0
1.0
2.0
16.0
4.0
4.0
3.0
3.0
3.0
30.0
8.0
7.0
0.0
18.0
9.0
21.0
14.0
2.0
0.0
9.0
5.0
8.0
3.0
12.0
11.0
42.0
28.0
5.0
0.0
16.0
17.0
0.0
0.0
5.0
5.0
7.0
13.0
2.0
1.0
12.0
2.0
10.0
6.0
0.0
3.0
23.0
5.0
17.0
3.0
9.0
15.0
19.0
9.0
8.0
1.0
23.0
11.0
7.0
0.0
7.0
0.0
37.0
15.0
26.0
4.0
19.0
7.0
1.0
2.0
12.0
2.0
6.0
7.0
2.0
1.0
12.0
2.0
10.0
6.0
0.0
3.0
23.0
5.0
17.0
3.0
9.0
15.0
19.0
9.0
8.0
1.0
23.0
11.0
7.0
0.0
7.0
0.0
36.0
16.0
26.0
3.0
19.0
8.0
2.0
1.0
11.0
2.0
7.0
7.0
3.0
0.0
2.0
0.0
22.0
3.0
0.0
6.0
8.0
0.0
37.0
6.0
0.0
21.0
7.0
0.0
30.0
0.0
14.0
0.0
30.0
0.0
4.0
0.0
19.0
1.0
81.0
0.0
7.0
0.0
5.0
1.0
23.0
0.0
1.0
0.0
2.0
1.0
13.0
1.0
10.0
3.0
3.0
3.0
25.0
3.0
17.0
3.0
9.0
15.0
25.0
5.0
7.0
0.0
9.0
5.0
11.0
2.0
9.0
12.0
50.0
10.0
18.0
1.0
23.0
6.0
1.0
2.0
12.0
1.0
6.0
8.0
2.0
1.0
11.0
2.0
11.0
9.0
0.0
0.0
21.0
5.0
19.0
3.0
9.0
15.0
20.0
6.0
10.0
1.0
28.0
14.0
4.0
0.0
2.0
0.0
37.0
13.0
28.0
3.0
18.0
9.0
2.0
1.0
12.0
2.0
6.0
7.0
2.0
1.0
12.0
2.0
10.0
6.0
0.0
3.0
23.0
5.0
17.0
3.0
9.0
15.0
19.0
9.0
8.0
1.0
23.0
11.0
7.0
0.0
7.0
0.0
37.0
15.0
26.0
4.0
19.0
7.0
1.0
2.0
12.0
2.0
6.0
7.0
2.0
1.0
12.0
2.0
10.0
6.0
0.0
3.0
23.0
5.0
17.0
3.0
9.0
15.0
19.0
9.0
8.0
1.0
23.0
11.0
7.0
0.0
7.0
0.0
36.0
16.0
26.0
3.0
19.0
8.0
2.0
1.0
11.0
2.0
7.0
7.0
2.0
1.0
14.0
1.0
9.0
0.0
3.0
6.0
27.0
3.0
15.0
3.0
9.0
15.0
24.0
8.0
5.0
0.0
4.0
2.0
14.0
2.0
14.0
12.0
49.0
13.0
16.0
1.0
24.0
5.0
1.0
2.0
11.0
1.0
7.0
8.0
2.0
1.0
11.0
2.0
11.0
9.0
0.0
0.0
21.0
5.0
19.0
3.0
9.0
15.0
20.0
6.0
10.0
1.0
28.0
14.0
4.0
0.0
2.0
0.0
37.0
13.0
28.0
3.0
18.0
9.0
2.0
1.0
12.0
2.0
6.0
7.0
2.0
1.0
13.0
1.0
10.0
3.0
3.0
3.0
25.0
3.0
17.0
3.0
9.0
15.0
25.0
5.0
7.0
0.0
9.0
5.0
11.0
2.0
9.0
12.0
50.0
10.0
18.0
1.0
23.0
6.0
1.0
2.0
12.0
1.0
6.0
8.0
2.0
1.0
13.0
1.0
10.0
3.0
3.0
3.0
25.0
3.0
17.0
3.0
9.0
15.0
25.0
5.0
7.0
0.0
9.0
5.0
11.0
2.0
9.0
12.0
49.0
11.0
18.0
0.0
23.0
7.0
2.0
1.0
11.0
1.0
7.0
8.0
3.0
0.0
7.0
0.0
17.0
6.0
0.0
3.0
18.0
0.0
27.0
6.0
0.0
21.0
16.0
5.0
16.0
0.0
26.0
8.0
8.0
0.0
6.0
0.0
27.0
17.0
53.0
0.0
11.0
0.0
1.0
5.0
22.0
0.0
2.0
0.0
3.0
0.0
7.0
0.0
17.0
6.0
0.0
3.0
18.0
0.0
27.0
6.0
0.0
21.0
16.0
5.0
16.0
0.0
26.0
8.0
8.0
0.0
6.0
0.0
27.0
17.0
53.0
0.0
11.0
0.0
1.0
5.0
22.0
0.0
2.0
0.0
3.0
0.0
7.0
0.0
17.0
6.0
0.0
3.0
18.0
0.0
27.0
6.0
0.0
21.0
16.0
5.0
16.0
0.0
26.0
8.0
8.0
0.0
6.0
0.0
28.0
16.0
52.0
0.0
12.0
0.0
2.0
4.0
21.0
0.0
3.0
0.0
3.0
0.0
6.0
0.0
18.0
9.0
0.0
0.0
16.0
0.0
29.0
6.0
0.0
21.0
15.0
3.0
19.0
0.0
30.0
12.0
6.0
0.0
0.0
0.0
34.0
10.0
50.0
0.0
14.0
0.0
2.0
4.0
22.0
0.0
2.0
0.0
0.0
3.0
9.0
15.0
0.0
9.0
0.0
0.0
23.0
22.0
0.0
3.0
24.0
0.0
9.0
15.0
0.0
13.0
18.0
30.0
0.0
0.0
0.0
0.0
28.0
30.0
0.0
42.0
0.0
8.0
3.0
0.0
0.0
21.0
0.0
6.0
1.0
2.0
14.0
8.0
2.0
3.0
3.0
3.0
26.0
13.0
6.0
6.0
15.0
6.0
12.0
20.0
1.0
4.0
9.0
11.0
4.0
5.0
10.0
9.0
22.0
40.0
4.0
13.0
9.0
20.0
4.0
2.0
0.0
10.0
6.0
8.0
1.0
2.0
12.0
9.0
3.0
9.0
0.0
0.0
22.0
15.0
8.0
6.0
15.0
6.0
10.0
18.0
3.0
6.0
22.0
26.0
0.0
0.0
0.0
0.0
17.0
35.0
10.0
19.0
8.0
19.0
5.0
1.0
0.0
11.0
6.0
7.0
1.0
2.0
14.0
8.0
2.0
3.0
3.0
3.0
26.0
13.0
6.0
6.0
15.0
6.0
12.0
20.0
1.0
4.0
9.0
11.0
4.0
5.0
10.0
9.0
21.0
41.0
5.0
13.0
8.0
20.0
5.0
1.0
0.0
11.0
6.0
7.0
2.0
1.0
15.0
0.0
9.0
5.0
2.0
2.0
17.0
8.0
20.0
15.0
4.0
8.0
23.0
6.0
8.0
0.0
20.0
8.0
6.0
0.0
6.0
8.0
40.0
2.0
20.0
0.0
30.0
16.0
11.0
4.0
6.0
0.0
5.0
4.0
2.0
1.0
13.0
2.0
9.0
5.0
2.0
2.0
19.0
8.0
18.0
19.0
4.0
4.0
18.0
10.0
8.0
1.0
20.0
10.0
6.0
2.0
4.0
6.0
36.0
14.0
18.0
0.0
24.0
16.0
11.0
8.0
6.0
2.0
1.0
2.0
