-2.3874325742436816e-06
1.0557782601794093e-05
0.0010657169500211537
-0.00041456444565224815
-0.0005857897041485003
0.0002968161142750626
-0.00026628156203133715
-6.023502161071309e-06
-0.00046169343469882674
0.00026360440480257765
0.0003206442803095128
9.45047932648536e-06
5.095513207238314e-05
-1.1383511233565405e-05
-3.8700631547144935e-05
-0.00019151369276867563
0.00011962544826561035
0.0002113565263900017
-3.851456219565019e-05
-0.000123822433944833
0.0005259634717764457
-6.840649159794885e-05
0.00013071489179263028
-0.000295209275389831
0.00014530954528795752
0.00030502453295115905
-0.000235624451184093
-2.941395707297052e-05
9.358116583438774e-06
9.947881442633586e-05
-2.271801476354628e-05
3.2168494090031104e-05
0.0004499455212616863
0.0007948344465854596
-0.0006537615775696018
-0.0005187653693285213
