ymean/lamm 0.14864179028474542 1e-06
feadim/weights 36
0.04
0.04
5e-06
5e-06
5e-06
5e-06
5e-06
5e-06
5e-06
5e-06
5e-06
5e-06
5e-06
5e-06
5e-06
5e-06
5e-06
5e-06
5e-06
5e-06
5e-06
5e-06
5e-06
5e-06
5e-06
5e-06
5e-06
5e-06
5e-06
5e-06
5e-06
5e-06
5e-06
5e-06
5e-06
5e-06
6.069235263692917
-101.87065369323386
302.2813552696707
-394.68834878871894
-44.079389997142016
79.54594921124044
4.392669549223683
-24.136618667397215
-138.17229774064117
-81.70412898037512
378.3381040316199
-55.3059486983002
-202.1737173429392
-103.38309582069905
107.50215158150786
-82.74927473067373
198.51015258002326
-147.34569334303796
303.56553482866684
-239.1758796140275
-79.1018304981626
428.96802077445
193.66346016060925
52.0192198365105
-116.6331248902361
-40.22372864391036
-133.2060889483255
110.4227585315366
30.16678951753829
-321.3770402709997
108.15866526548962
368.74472358644925
-143.46417479874435
115.40831924097029
-516.748744706576
-69.42933241306855
161.5265316880575
-42.66980553526355
-113.12390401925222
127.23634857887737
83.21607360359712
11.167189865798946
36.133183790509065
51.81630905045131
4.636705249326056
-61.93492072882327
148.58577979609936
50.95400894584918
-5.398507500965934
-90.97627796024244
171.898926820758
11.707195048276162
-57.91714109111854
104.18331678061406
-91.3240974739839
67.07579484025894
86.45481324432558
18.420232845520786
-79.20540291706402
-280.13972940016174
185.56917912259496
-11.468893312625369
20.910912701439884
74.12072457513113
-159.2482701296267
130.41761412483902
-71.36429996160768
7.887363292193186
-80.39470985237494
92.41400280685866
-75.22923925797113
49.00212492332025
-16.363584689032677
-59.451596567932484
-111.28565304746508
-40.849055328556005
refpoints
6.0
0.0
0.0
0.0
48.0
0.0
0.0
18.0
9.0
0.0
81.0
9.0
0.0
27.0
0.0
0.0
74.0
0.0
0.0
0.0
96.0
0.0
0.0
0.0
18.0
0.0
198.0
0.0
0.0
0.0
9.0
0.0
51.0
0.0
0.0
0.0
4.0
2.0
26.0
4.0
18.0
6.0
0.0
12.0
45.0
7.0
38.0
9.0
9.0
18.0
40.0
16.0
18.0
0.0
32.0
8.0
36.0
0.0
20.0
0.0
78.0
36.0
48.0
0.0
36.0
18.0
9.0
0.0
14.0
6.0
16.0
15.0
2.0
4.0
27.0
17.0
4.0
9.0
3.0
6.0
53.0
27.0
10.0
3.0
21.0
12.0
20.0
43.0
2.0
9.0
23.0
25.0
8.0
9.0
20.0
11.0
42.0
86.0
8.0
27.0
15.0
38.0
3.0
0.0
4.0
23.0
14.0
16.0
2.0
4.0
27.0
17.0
4.0
9.0
3.0
6.0
53.0
27.0
10.0
3.0
21.0
12.0
20.0
43.0
2.0
9.0
23.0
25.0
8.0
9.0
20.0
11.0
42.0
86.0
6.0
25.0
17.0
40.0
2.0
1.0
4.0
22.0
14.0
17.0
2.0
4.0
28.0
16.0
4.0
6.0
6.0
6.0
55.0
25.0
10.0
3.0
21.0
12.0
24.0
40.0
2.0
8.0
18.0
22.0
8.0
10.0
20.0
18.0
47.0
83.0
6.0
25.0
16.0
39.0
2.0
1.0
4.0
21.0
14.0
18.0
4.0
2.0
29.0
7.0
12.0
9.0
3.0
6.0
51.0
13.0
26.0
9.0
9.0
18.0
36.0
30.0
5.0
3.0
26.0
22.0
10.0
6.0
18.0
14.0
60.0
62.0
18.0
8.0
38.0
30.0
6.0
3.0
10.0
8.0
20.0
13.0
4.0
2.0
28.0
4.0
16.0
6.0
6.0
6.0
51.0
12.0
27.0
15.0
6.0
15.0
40.0
24.0
8.0
2.0
22.0
18.0
10.0
8.0
18.0
20.0
81.0
41.0
27.0
10.0
41.0
16.0
3.0
12.0
21.0
0.0
12.0
12.0
4.0
2.0
27.0
4.0
17.0
9.0
6.0
3.0
49.0
12.0
29.0
15.0
6.0
15.0
43.0
20.0
9.0
2.0
25.0
23.0
9.0
8.0
11.0
20.0
82.0
38.0
27.0
8.0
42.0
19.0
5.0
10.0
20.0
0.0
13.0
12.0
3.0
3.0
30.0
9.0
9.0
6.0
6.0
6.0
56.0
17.0
17.0
0.0
18.0
18.0
33.0
33.0
4.0
4.0
20.0
20.0
9.0
9.0
19.0
19.0
66.0
66.0
9.0
9.0
33.0
33.0
0.0
0.0
11.0
11.0
19.0
19.0
3.0
3.0
29.0
5.0
14.0
9.0
0.0
9.0
50.0
11.0
29.0
12.0
12.0
12.0
42.0
18.0
14.0
0.0
38.0
10.0
28.0
0.0
20.0
0.0
82.0
38.0
38.0
0.0
34.0
24.0
12.0
0.0
10.0
7.0
14.0
17.0
0.0
6.0
13.0
35.0
0.0
15.0
3.0
0.0
35.0
55.0
0.0
9.0
27.0
0.0
8.0
31.0
0.0
35.0
20.0
56.0
0.0
14.0
0.0
6.0
31.0
59.0
0.0
105.0
0.0
21.0
7.0
2.0
0.0
45.0
0.0
6.0
0.0
6.0
14.0
34.0
0.0
12.0
6.0
0.0
37.0
53.0
0.0
9.0
27.0
0.0
10.0
32.0
0.0
32.0
16.0
52.0
0.0
16.0
0.0
12.0
35.0
55.0
0.0
105.0
0.0
21.0
8.0
1.0
0.0
45.0
0.0
6.0
0.0
6.0
13.0
35.0
0.0
15.0
3.0
0.0
35.0
55.0
0.0
9.0
27.0
0.0
8.0
31.0
0.0
35.0
20.0
56.0
0.0
14.0
0.0
6.0
27.0
63.0
0.0
101.0
0.0
25.0
6.0
3.0
0.0
44.0
0.0
7.0
0.0
6.0
14.0
34.0
0.0
12.0
6.0
0.0
37.0
53.0
0.0
9.0
27.0
0.0
10.0
32.0
0.0
32.0
16.0
52.0
0.0
16.0
0.0
12.0
33.0
57.0
0.0
103.0
0.0
23.0
6.0
3.0
0.0
43.0
0.0
8.0
2.0
4.0
24.0
20.0
4.0
12.0
6.0
0.0
43.0
35.0
12.0
15.0
15.0
6.0
18.0
38.0
2.0
16.0
22.0
46.0
0.0
14.0
0.0
14.0
24.0
74.0
10.0
50.0
16.0
42.0
9.0
6.0
0.0
22.0
12.0
11.0
2.0
4.0
23.0
21.0
4.0
15.0
3.0
0.0
41.0
37.0
12.0
15.0
15.0
6.0
15.0
39.0
2.0
18.0
25.0
51.0
0.0
11.0
0.0
9.0
23.0
73.0
8.0
52.0
19.0
41.0
7.0
8.0
0.0
21.0
12.0
12.0
4.0
2.0
23.0
2.0
23.0
9.0
0.0
9.0
41.0
8.0
41.0
15.0
6.0
15.0
41.0
10.0
23.0
0.0
39.0
9.0
31.0
0.0
17.0
0.0
80.0
12.0
67.0
4.0
40.0
13.0
10.0
5.0
23.0
0.0
10.0
12.0
2.0
4.0
23.0
21.0
4.0
15.0
3.0
0.0
45.0
35.0
10.0
3.0
21.0
12.0
15.0
39.0
2.0
18.0
25.0
51.0
0.0
11.0
0.0
9.0
29.0
75.0
8.0
54.0
15.0
35.0
2.0
1.0
4.0
26.0
14.0
13.0
2.0
4.0
26.0
20.0
2.0
6.0
6.0
6.0
51.0
33.0
6.0
3.0
21.0
12.0
10.0
50.0
0.0
14.0
10.0
18.0
4.0
22.0
24.0
18.0
22.0
100.0
2.0
36.0
12.0
44.0
2.0
1.0
2.0
25.0
16.0
14.0
2.0
4.0
27.0
19.0
2.0
3.0
9.0
6.0
53.0
31.0
6.0
3.0
21.0
12.0
13.0
49.0
0.0
12.0
7.0
13.0
4.0
25.0
24.0
23.0
25.0
99.0
2.0
34.0
11.0
45.0
2.0
1.0
2.0
24.0
16.0
15.0
2.0
4.0
23.0
21.0
4.0
15.0
3.0
0.0
45.0
35.0
10.0
3.0
21.0
12.0
15.0
39.0
2.0
18.0
25.0
51.0
0.0
11.0
0.0
9.0
29.0
75.0
6.0
52.0
17.0
37.0
1.0
2.0
4.0
25.0
14.0
14.0
2.0
4.0
24.0
20.0
4.0
12.0
6.0
0.0
47.0
33.0
10.0
3.0
21.0
12.0
18.0
38.0
2.0
16.0
22.0
46.0
0.0
14.0
0.0
14.0
32.0
74.0
6.0
50.0
16.0
38.0
1.0
2.0
4.0
24.0
14.0
15.0
2.0
4.0
27.0
19.0
2.0
3.0
9.0
6.0
53.0
31.0
6.0
3.0
21.0
12.0
13.0
49.0
0.0
12.0
7.0
13.0
4.0
25.0
24.0
23.0
25.0
99.0
0.0
32.0
13.0
47.0
1.0
2.0
2.0
23.0
16.0
16.0
4.0
2.0
26.0
0.0
22.0
0.0
6.0
12.0
47.0
4.0
39.0
15.0
6.0
15.0
56.0
0.0
18.0
0.0
0.0
0.0
44.0
0.0
24.0
28.0
105.0
5.0
51.0
0.0
47.0
8.0
12.0
3.0
22.0
0.0
11.0
12.0
4.0
2.0
29.0
9.0
10.0
15.0
3.0
0.0
51.0
17.0
22.0
9.0
9.0
18.0
31.0
32.0
3.0
8.0
30.0
46.0
0.0
8.0
0.0
12.0
49.0
69.0
12.0
21.0
34.0
31.0
3.0
6.0
10.0
9.0
20.0
12.0
4.0
2.0
22.0
0.0
26.0
6.0
0.0
12.0
39.0
4.0
47.0
15.0
6.0
15.0
42.0
0.0
32.0
0.0
28.0
0.0
52.0
0.0
16.0
0.0
86.0
0.0
86.0
0.0
36.0
8.0
15.0
0.0
23.0
0.0
10.0
12.0
4.0
2.0
22.0
2.0
24.0
12.0
0.0
6.0
39.0
8.0
43.0
15.0
6.0
15.0
40.0
8.0
26.0
0.0
46.0
10.0
26.0
0.0
14.0
0.0
77.0
13.0
71.0
2.0
37.0
16.0
12.0
3.0
22.0
0.0
11.0
12.0
4.0
2.0
28.0
6.0
14.0
12.0
6.0
0.0
51.0
16.0
23.0
15.0
6.0
15.0
34.0
28.0
6.0
6.0
28.0
40.0
0.0
12.0
0.0
16.0
72.0
54.0
20.0
20.0
34.0
16.0
0.0
15.0
20.0
0.0
13.0
12.0
4.0
2.0
28.0
6.0
14.0
12.0
6.0
0.0
55.0
14.0
21.0
3.0
12.0
21.0
34.0
28.0
6.0
6.0
28.0
40.0
0.0
12.0
0.0
16.0
72.0
62.0
20.0
16.0
30.0
16.0
0.0
3.0
20.0
6.0
19.0
12.0
0.0
6.0
9.0
39.0
0.0
9.0
9.0
0.0
27.0
63.0
0.0
9.0
27.0
0.0
3.0
27.0
0.0
44.0
6.0
42.0
0.0
36.0
0.0
12.0
18.0
48.0
0.0
132.0
0.0
18.0
6.0
3.0
0.0
48.0
0.0
3.0
0.0
6.0
8.0
40.0
0.0
12.0
6.0
0.0
25.0
65.0
0.0
9.0
27.0
0.0
2.0
24.0
0.0
48.0
8.0
48.0
0.0
32.0
0.0
8.0
12.0
54.0
0.0
130.0
0.0
20.0
4.0
5.0
0.0
47.0
0.0
4.0
0.0
6.0
10.0
38.0
0.0
6.0
12.0
0.0
29.0
61.0
0.0
9.0
27.0
0.0
4.0
30.0
0.0
40.0
4.0
36.0
0.0
40.0
0.0
16.0
18.0
48.0
0.0
128.0
0.0
22.0
5.0
4.0
0.0
46.0
0.0
5.0
0.0
6.0
9.0
39.0
0.0
9.0
9.0
0.0
27.0
63.0
0.0
9.0
27.0
0.0
3.0
27.0
0.0
44.0
6.0
42.0
0.0
36.0
0.0
12.0
12.0
54.0
0.0
126.0
0.0
24.0
3.0
6.0
0.0
45.0
0.0
6.0
2.0
4.0
22.0
24.0
2.0
12.0
6.0
0.0
43.0
41.0
6.0
3.0
21.0
12.0
8.0
40.0
0.0
26.0
10.0
46.0
0.0
26.0
0.0
14.0
15.0
83.0
2.0
69.0
12.0
35.0
1.0
2.0
2.0
28.0
16.0
11.0
2.0
4.0
23.0
23.0
2.0
9.0
9.0
0.0
45.0
39.0
6.0
3.0
21.0
12.0
10.0
41.0
0.0
23.0
9.0
39.0
0.0
31.0
0.0
17.0
16.0
84.0
2.0
65.0
11.0
38.0
1.0
2.0
2.0
27.0
16.0
12.0
2.0
4.0
26.0
22.0
0.0
0.0
12.0
6.0
51.0
37.0
2.0
3.0
21.0
12.0
0.0
56.0
0.0
18.0
0.0
0.0
0.0
44.0
28.0
24.0
3.0
115.0
0.0
45.0
4.0
49.0
1.0
2.0
0.0
26.0
18.0
13.0
2.0
4.0
23.0
23.0
2.0
9.0
9.0
0.0
45.0
39.0
6.0
3.0
21.0
12.0
10.0
41.0
0.0
23.0
9.0
39.0
0.0
31.0
0.0
17.0
16.0
84.0
0.0
63.0
13.0
40.0
0.0
3.0
2.0
26.0
16.0
13.0
0.0
6.0
4.0
44.0
0.0
6.0
12.0
0.0
17.0
73.0
0.0
9.0
27.0
0.0
0.0
14.0
0.0
60.0
0.0
28.0
0.0
60.0
0.0
8.0
5.0
37.0
0.0
163.0
0.0
11.0
3.0
6.0
0.0
50.0
0.0
1.0
0.0
6.0
5.0
43.0
0.0
3.0
15.0
0.0
19.0
71.0
0.0
9.0
27.0
0.0
0.0
19.0
0.0
55.0
0.0
20.0
0.0
66.0
0.0
10.0
7.0
35.0
0.0
161.0
0.0
13.0
3.0
6.0
0.0
49.0
0.0
2.0
0.0
6.0
4.0
44.0
0.0
6.0
12.0
0.0
17.0
73.0
0.0
9.0
27.0
0.0
0.0
14.0
0.0
60.0
0.0
28.0
0.0
60.0
0.0
8.0
3.0
39.0
0.0
161.0
0.0
13.0
1.0
8.0
0.0
48.0
0.0
3.0
2.0
4.0
22.0
26.0
0.0
6.0
12.0
0.0
43.0
45.0
2.0
3.0
21.0
12.0
0.0
42.0
0.0
32.0
0.0
28.0
0.0
52.0
0.0
16.0
0.0
94.0
0.0
82.0
4.0
36.0
0.0
3.0
0.0
29.0
18.0
10.0
0.0
6.0
0.0
48.0
0.0
0.0
18.0
0.0
9.0
81.0
0.0
9.0
27.0
0.0
0.0
0.0
0.0
74.0
0.0
0.0
0.0
96.0
0.0
0.0
0.0
18.0
0.0
198.0
0.0
0.0
0.0
9.0
0.0
51.0
0.0
0.0
4.0
2.0
23.0
2.0
23.0
9.0
0.0
9.0
45.0
6.0
39.0
3.0
12.0
21.0
41.0
10.0
23.0
0.0
39.0
9.0
31.0
0.0
17.0
0.0
84.0
16.0
65.0
2.0
38.0
11.0
2.0
1.0
27.0
2.0
12.0
16.0
4.0
2.0
22.0
2.0
24.0
12.0
0.0
6.0
43.0
6.0
41.0
3.0
12.0
21.0
40.0
8.0
26.0
0.0
46.0
10.0
26.0
0.0
14.0
0.0
83.0
15.0
69.0
2.0
35.0
12.0
2.0
1.0
28.0
2.0
11.0
16.0
4.0
2.0
26.0
0.0
22.0
0.0
6.0
12.0
51.0
2.0
37.0
3.0
12.0
21.0
56.0
0.0
18.0
0.0
0.0
0.0
44.0
0.0
24.0
28.0
115.0
3.0
45.0
0.0
49.0
4.0
2.0
1.0
26.0
0.0
13.0
18.0
6.0
0.0
9.0
0.0
39.0
9.0
0.0
9.0
27.0
0.0
63.0
9.0
0.0
27.0
27.0
3.0
44.0
0.0
42.0
6.0
36.0
0.0
12.0
0.0
48.0
18.0
132.0
0.0
18.0
0.0
3.0
6.0
48.0
0.0
3.0
0.0
6.0
0.0
10.0
0.0
38.0
6.0
0.0
12.0
29.0
0.0
61.0
9.0
0.0
27.0
30.0
4.0
40.0
0.0
36.0
4.0
40.0
0.0
16.0
0.0
48.0
18.0
128.0
0.0
22.0
0.0
4.0
5.0
46.0
0.0
5.0
0.0
6.0
0.0
9.0
0.0
39.0
9.0
0.0
9.0
27.0
0.0
63.0
9.0
0.0
27.0
27.0
3.0
44.0
0.0
42.0
6.0
36.0
0.0
12.0
0.0
50.0
16.0
130.0
0.0
20.0
0.0
5.0
4.0
46.0
0.0
5.0
0.0
6.0
0.0
9.0
0.0
39.0
9.0
0.0
9.0
27.0
0.0
63.0
9.0
0.0
27.0
27.0
3.0
44.0
0.0
42.0
6.0
36.0
0.0
12.0
0.0
52.0
14.0
128.0
0.0
22.0
0.0
4.0
5.0
47.0
0.0
4.0
0.0
6.0
0.0
9.0
0.0
39.0
9.0
0.0
9.0
27.0
0.0
63.0
9.0
0.0
27.0
27.0
3.0
44.0
0.0
42.0
6.0
36.0
0.0
12.0
0.0
54.0
12.0
126.0
0.0
24.0
0.0
6.0
3.0
45.0
0.0
6.0
0.0
2.0
4.0
28.0
14.0
6.0
12.0
0.0
6.0
51.0
23.0
16.0
15.0
15.0
6.0
28.0
34.0
6.0
6.0
40.0
28.0
12.0
0.0
16.0
0.0
54.0
72.0
20.0
20.0
16.0
34.0
15.0
0.0
0.0
20.0
12.0
13.0
4.0
2.0
22.0
0.0
26.0
6.0
0.0
12.0
43.0
2.0
45.0
3.0
12.0
21.0
42.0
0.0
32.0
0.0
28.0
0.0
52.0
0.0
16.0
0.0
94.0
0.0
82.0
0.0
36.0
4.0
3.0
0.0
29.0
0.0
10.0
18.0
2.0
4.0
28.0
14.0
6.0
12.0
0.0
6.0
55.0
21.0
14.0
3.0
21.0
12.0
28.0
34.0
6.0
6.0
40.0
28.0
12.0
0.0
16.0
0.0
62.0
72.0
16.0
20.0
16.0
30.0
3.0
0.0
6.0
20.0
12.0
19.0
4.0
2.0
26.0
6.0
16.0
12.0
0.0
6.0
45.0
11.0
34.0
9.0
9.0
18.0
36.0
22.0
14.0
2.0
46.0
22.0
14.0
0.0
14.0
0.0
63.0
47.0
38.0
5.0
36.0
27.0
8.0
1.0
12.0
7.0
18.0
14.0
6.0
0.0
5.0
0.0
43.0
3.0
0.0
15.0
19.0
0.0
71.0
9.0
0.0
27.0
19.0
0.0
55.0
0.0
20.0
0.0
66.0
0.0
10.0
0.0
35.0
7.0
161.0
0.0
13.0
0.0
6.0
3.0
49.0
0.0
2.0
0.0
6.0
0.0
4.0
0.0
44.0
6.0
0.0
12.0
17.0
0.0
73.0
9.0
0.0
27.0
14.0
0.0
60.0
0.0
28.0
0.0
60.0
0.0
8.0
0.0
37.0
5.0
163.0
0.0
11.0
0.0
6.0
3.0
50.0
0.0
1.0
0.0
3.0
3.0
30.0
7.0
11.0
6.0
3.0
9.0
52.0
15.0
23.0
12.0
12.0
12.0
41.0
28.0
5.0
0.0
19.0
9.0
22.0
5.0
26.0
15.0
76.0
50.0
17.0
2.0
40.0
31.0
8.0
4.0
9.0
7.0
15.0
17.0
3.0
3.0
27.0
8.0
13.0
15.0
0.0
3.0
46.0
17.0
27.0
12.0
12.0
12.0
34.0
26.0
12.0
2.0
49.0
27.0
9.0
0.0
11.0
0.0
62.0
48.0
33.0
8.0
32.0
33.0
10.0
2.0
9.0
8.0
15.0
16.0
4.0
2.0
27.0
2.0
19.0
3.0
6.0
9.0
49.0
8.0
33.0
15.0
6.0
15.0
49.0
13.0
12.0
0.0
13.0
7.0
25.0
4.0
23.0
24.0
93.0
23.0
38.0
4.0
45.0
13.0
7.0
8.0
22.0
0.0
11.0
12.0
4.0
2.0
24.0
4.0
20.0
12.0
0.0
6.0
43.0
12.0
35.0
15.0
6.0
15.0
38.0
18.0
16.0
2.0
46.0
22.0
14.0
0.0
14.0
0.0
74.0
24.0
50.0
10.0
42.0
16.0
6.0
9.0
22.0
0.0
11.0
12.0
4.0
2.0
23.0
4.0
21.0
15.0
0.0
3.0
41.0
12.0
37.0
15.0
6.0
15.0
39.0
15.0
18.0
2.0
51.0
25.0
11.0
0.0
9.0
0.0
73.0
23.0
54.0
10.0
39.0
17.0
7.0
8.0
22.0
0.0
11.0
12.0
4.0
2.0
26.0
2.0
20.0
6.0
6.0
6.0
47.0
8.0
35.0
15.0
6.0
15.0
50.0
10.0
14.0
0.0
18.0
10.0
22.0
4.0
18.0
24.0
92.0
22.0
40.0
2.0
44.0
16.0
9.0
6.0
21.0
0.0
12.0
12.0
4.0
2.0
23.0
4.0
21.0
15.0
0.0
3.0
41.0
12.0
37.0
15.0
6.0
15.0
39.0
15.0
18.0
2.0
51.0
25.0
11.0
0.0
9.0
0.0
73.0
23.0
52.0
8.0
41.0
19.0
8.0
7.0
21.0
0.0
12.0
12.0
3.0
3.0
31.0
6.0
11.0
3.0
6.0
9.0
58.0
11.0
21.0
0.0
18.0
18.0
44.0
24.0
6.0
0.0
13.0
7.0
22.0
5.0
26.0
23.0
88.0
50.0
13.0
0.0
38.0
27.0
0.0
0.0
13.0
8.0
17.0
22.0
4.0
2.0
23.0
4.0
21.0
15.0
0.0
3.0
45.0
10.0
35.0
3.0
12.0
21.0
39.0
15.0
18.0
2.0
51.0
25.0
11.0
0.0
9.0
0.0
75.0
29.0
54.0
8.0
35.0
15.0
1.0
2.0
26.0
4.0
13.0
14.0
4.0
2.0
24.0
4.0
20.0
12.0
0.0
6.0
47.0
10.0
33.0
3.0
12.0
21.0
38.0
18.0
16.0
2.0
46.0
22.0
14.0
0.0
14.0
0.0
74.0
32.0
50.0
6.0
38.0
16.0
2.0
1.0
24.0
4.0
15.0
14.0
4.0
2.0
27.0
2.0
19.0
3.0
6.0
9.0
53.0
6.0
31.0
3.0
12.0
21.0
49.0
13.0
12.0
0.0
13.0
7.0
25.0
4.0
23.0
24.0
99.0
25.0
34.0
2.0
45.0
11.0
1.0
2.0
24.0
2.0
15.0
16.0
4.0
2.0
23.0
4.0
21.0
15.0
0.0
3.0
45.0
10.0
35.0
3.0
12.0
21.0
39.0
15.0
18.0
2.0
51.0
25.0
11.0
0.0
9.0
0.0
75.0
29.0
52.0
6.0
37.0
17.0
2.0
1.0
25.0
4.0
14.0
14.0
4.0
2.0
26.0
2.0
20.0
6.0
6.0
6.0
51.0
6.0
33.0
3.0
12.0
21.0
50.0
10.0
14.0
0.0
18.0
10.0
22.0
4.0
18.0
24.0
100.0
22.0
36.0
2.0
44.0
12.0
1.0
2.0
25.0
2.0
14.0
16.0
4.0
2.0
27.0
2.0
19.0
3.0
6.0
9.0
53.0
6.0
31.0
3.0
12.0
21.0
49.0
13.0
12.0
0.0
13.0
7.0
25.0
4.0
23.0
24.0
99.0
25.0
32.0
0.0
47.0
13.0
2.0
1.0
23.0
2.0
16.0
16.0
6.0
0.0
14.0
0.0
34.0
12.0
0.0
6.0
37.0
0.0
53.0
9.0
0.0
27.0
32.0
10.0
32.0
0.0
52.0
16.0
16.0
0.0
12.0
0.0
55.0
35.0
105.0
0.0
21.0
0.0
1.0
8.0
45.0
0.0
6.0
0.0
6.0
0.0
13.0
0.0
35.0
15.0
0.0
3.0
35.0
0.0
55.0
9.0
0.0
27.0
31.0
8.0
35.0
0.0
56.0
20.0
14.0
0.0
6.0
0.0
63.0
27.0
101.0
0.0
25.0
0.0
3.0
6.0
44.0
0.0
7.0
0.0
0.0
6.0
18.0
30.0
0.0
18.0
0.0
0.0
45.0
45.0
0.0
9.0
27.0
0.0
18.0
30.0
0.0
26.0
36.0
60.0
0.0
0.0
0.0
0.0
54.0
60.0
0.0
84.0
0.0
18.0
9.0
0.0
0.0
42.0
0.0
9.0
2.0
4.0
28.0
16.0
4.0
6.0
6.0
6.0
51.0
27.0
12.0
15.0
15.0
6.0
24.0
40.0
2.0
8.0
18.0
22.0
8.0
10.0
20.0
18.0
41.0
81.0
10.0
27.0
16.0
41.0
12.0
3.0
0.0
21.0
12.0
12.0
2.0
4.0
27.0
17.0
4.0
9.0
3.0
6.0
49.0
29.0
12.0
15.0
15.0
6.0
20.0
43.0
2.0
9.0
23.0
25.0
8.0
9.0
20.0
11.0
38.0
82.0
8.0
27.0
19.0
42.0
10.0
5.0
0.0
20.0
12.0
13.0
2.0
4.0
24.0
18.0
6.0
18.0
0.0
0.0
43.0
31.0
16.0
15.0
15.0
6.0
20.0
36.0
6.0
12.0
44.0
52.0
0.0
0.0
0.0
0.0
33.0
69.0
20.0
39.0
16.0
39.0
12.0
3.0
0.0
21.0
12.0
12.0
