ymean/lamm 17.488342199608695 1e-05
feadim/weights 8
0.5
0.5
0.5
0.5
0.5
0.5
0.5
0.5
-158.7504301071167
45.71884632110596
27.205580234527588
-21.399213790893555
-19.734706163406372
19.512012481689453
0.918696403503418
80.881432056427
34.31369113922119
-15.892398357391357
-10.835752487182617
-24.838515758514404
26.407701015472412
61.617960929870605
-49.011343002319336
-44.83481216430664
51.446656703948975
12.417321681976318
-93.59535217285156
92.72877883911133
22.812560081481934
26.21616220474243
38.0222282409668
52.604044914245605
-130.55229806900024
-17.931679725646973
-19.32694149017334
-25.51103973388672
-15.524528503417969
-37.54955339431763
26.76655340194702
-29.938861846923828
-48.48335266113281
-65.87168788909912
-22.767273664474487
43.65731430053711
-12.324766159057617
41.60445976257324
43.117170333862305
59.31912326812744
66.68355560302734
-17.833773493766785
25.381606101989746
-17.47641658782959
100.93776512145996
-42.56345510482788
-29.663101196289062
14.164431095123291
-20.78397560119629
-21.650574684143066
-15.81322169303894
21.573140621185303
-117.45897436141968
-99.65068054199219
9.5630521774292
134.7619867324829
-15.425414085388184
32.27143859863281
7.412755489349365
-42.23888683319092
3.9590024948120117
-77.02568531036377
112.82503890991211
-8.299044609069824
-65.92599821090698
-38.12611770629883
-46.95897912979126
43.89052772521973
82.67786312103271
27.878921508789062
100.09625816345215
18.17916488647461
-47.18932628631592
17.928300857543945
-10.276546955108643
-40.8851203918457
-35.58113193511963
-12.714612007141113
-4.06204891204834
-5.822646856307983
7.266172409057617
-45.88552379608154
79.17470192909241
97.14637851715088
-16.989588379859924
-37.401774406433105
-29.33336591720581
80.82985997200012
-69.58690595626831
-13.436909198760986
28.17901611328125
-29.52838706970215
58.58863925933838
75.26296281814575
-37.3440465927124
-21.860175132751465
-10.726289987564087
-7.388631820678711
-81.8702621459961
47.72614049911499
refpoints
0 0.5
0 0.2916666666666667
0 0.5
0 0.5
0 0.4375
0 0.2619047619047619
0 0.375
0 0.16666666666666666
0 0.375
0 0.1111111111111111
0 0.25
0 0.5
0 0.3125
0 0.23333333333333334
0 0.375
0 0.0
0 0.375
0 0.1111111111111111
0 0.25
0 0.5
0 0.3125
0 0.2
0 0.375
0 0.16666666666666666
0 0.5
0 0.375
0 0.5
0 0.5
0 0.5
0 0.2708333333333333
0 0.5
0 0.0
0 0.5
0 0.20833333333333334
0 0.5
0 0.25
0 0.5
0 0.25
0 0.5
0 0.125
0 0.5
0 0.25
0 0.5
0 0.0
0 0.5
0 0.2916666666666667
0 0.5
0 0.125
0 0.5
0 0.16666666666666666
0 0.5
0 0.0
0 0.5
0 0.20833333333333334
0 0.5
0 0.25
0 0.5
0 0.16666666666666666
0 0.5
0 0.5
0 0.5
0 0.16666666666666666
0 0.5
0 0.25
0 0.375
0 0.5
0 0.25
0 0.0
0 0.3125
0 0.4
0 0.375
0 0.16666666666666666
0 0.375
0 0.1111111111111111
0 0.25
0 0.0
0 0.3125
0 0.2
0 0.375
0 0.0
0 0.5
0 0.08333333333333333
0 0.5
0 0.0
0 0.4375
0 0.09523809523809523
0 0.375
0 0.16666666666666666
0 0.5
0 0.375
0 0.5
0 0.5
0 0.5
0 0.3958333333333333
0 0.5
0 0.25
0 0.5
0 0.125
0 0.5
0 0.0
0 0.4375
0 0.09523809523809523
0 0.375
0 0.0
0 0.5
0 0.5
0 0.5
0 0.25
0 0.5
0 0.4375
0 0.5
0 0.25
0 0.5
0 0.375
0 0.5
0 0.25
0 0.4375
0 0.38095238095238093
0 0.375
0 0.16666666666666666
0 0.5
0 0.375
0 0.5
0 0.0
0 0.5
0 0.3125
0 0.5
0 0.25
0 0.5
0 0.4166666666666667
0 0.5
0 0.5
0 0.4375
0 0.4523809523809524
0 0.375
0 0.0
0 0.5
0 0.3333333333333333
0 0.5
0 0.0
0 0.4375
0 0.3333333333333333
0 0.375
0 0.0
0 0.375
0 0.2777777777777778
0 0.25
0 0.0
0 0.3125
0 0.36666666666666664
0 0.375
0 0.16666666666666666
0 0.5
0 0.25
0 0.5
0 0.5
0 0.4375
0 0.2619047619047619
0 0.375
0 0.0
0 0.375
0 0.05555555555555555
0 0.25
0 0.0
0 0.3125
0 0.13333333333333333
0 0.375
0 0.16666666666666666
0 0.375
0 0.3888888888888889
0 0.25
0 0.0
0 0.3125
0 0.3333333333333333
0 0.375
0 0.0
0 0.375
0 0.3333333333333333
0 0.25
0 0.5
0 0.3125
0 0.36666666666666664
0 0.375
0 0.16666666666666666
0 0.375
0 0.5
0 0.25
0 0.5
0 0.3125
0 0.5
0 0.375
0 0.16666666666666666
0 0.375
0 0.3888888888888889
0 0.25
0 0.5
0 0.3125
0 0.4
0 0.375
0 0.0
0 0.5
0 0.08333333333333333
0 0.5
0 0.5
0 0.4375
0 0.047619047619047616
0 0.375
0 0.0
0 0.5
0 0.4583333333333333
0 0.5
0 0.0
0 0.4375
0 0.4523809523809524
0 0.375
0 0.0
0 0.5
0 0.0
0 0.5
0 0.5
0 0.4375
0 0.0
0 0.375
0 0.16666666666666666
0 0.5
0 0.4583333333333333
0 0.5
0 0.25
0 0.5
0 0.4791666666666667
0 0.5
0 0.5
0 0.5
0 0.3333333333333333
0 0.5
0 0.5
0 0.5
0 0.4166666666666667
0 0.5
0 0.4583333333333333
0 0.5
0 0.375
0 0.5
0 0.3333333333333333
0 0.4375
0 0.3333333333333333
0 0.375
0 0.3333333333333333
0 0.375
0 0.5
0 0.25
0 0.3333333333333333
0 0.3125
0 0.4
0 0.375
0 0.3888888888888889
0 0.375
0 0.16666666666666666
0 0.25
0 0.16666666666666666
0 0.3125
0 0.13333333333333333
0 0.375
0 0.0
0 0.375
0 0.0
0 0.25
0 0.3333333333333333
0 0.3125
0 0.06666666666666667
0 0.375
0 0.1111111111111111
0 0.375
0 0.1111111111111111
0 0.25
0 0.0
0 0.3125
0 0.1
0 0.375
0 0.3333333333333333
0 0.375
0 0.3333333333333333
0 0.25
0 0.16666666666666666
0 0.3125
0 0.26666666666666666
0 0.375
0 0.2222222222222222
0 0.375
0 0.2777777777777778
0 0.25
0 0.3333333333333333
0 0.3125
0 0.26666666666666666
0 0.375
0 0.2777777777777778
0 0.375
0 0.0
0 0.25
0 0.16666666666666666
0 0.3125
0 0.1
0 0.375
0 0.0
0 0.375
0 0.3333333333333333
0 0.25
0 0.5
0 0.3125
0 0.3333333333333333
0 0.375
0 0.3888888888888889
0 0.5
0 0.375
0 0.5
0 0.3333333333333333
0 0.4375
0 0.3333333333333333
0 0.375
0 0.5
0 0.375
0 0.16666666666666666
0 0.25
0 0.3333333333333333
0 0.3125
0 0.06666666666666667
0 0.375
0 0.16666666666666666
0 0.375
0 0.5
0 0.25
0 0.5
0 0.3125
0 0.36666666666666664
0 0.375
0 0.5
0 0.375
0 0.4444444444444444
0 0.25
0 0.3333333333333333
0 0.3125
0 0.36666666666666664
0 0.375
0 0.1111111111111111
0 0.375
0 0.3333333333333333
0 0.25
0 0.3333333333333333
0 0.3125
0 0.5
0 0.375
0 0.5
0 0.375
0 0.16666666666666666
0 0.25
0 0.0
0 0.3125
0 0.36666666666666664
0 0.375
0 0.3333333333333333
0 0.375
0 0.16666666666666666
0 0.25
0 0.16666666666666666
0 0.3125
0 0.23333333333333334
0 0.375
0 0.4444444444444444
0 0.375
0 0.16666666666666666
0 0.25
0 0.16666666666666666
0 0.3125
0 0.4
0 0.375
0 0.16666666666666666
0 0.5
0 0.125
0 0.5
0 0.3333333333333333
0 0.4375
0 0.19047619047619047
0 0.375
0 0.4444444444444444
0 0.375
0 0.1111111111111111
0 0.25
0 0.5
0 0.3125
0 0.16666666666666666
0 0.375
0 0.3333333333333333
0 0.375
0 0.4444444444444444
0 0.25
0 0.0
0 0.3125
0 0.3333333333333333
0 0.375
0 0.3888888888888889
1 0.375
1 0.16666666666666666
1 0.25
1 0.5
1 0.3125
1 0.2
1 0.375
1 0.0
1 0.375
1 0.2222222222222222
1 0.25
1 0.0
1 0.3125
1 0.26666666666666666
1 0.375
1 0.0
1 0.5
1 0.25
1 0.5
1 0.25
1 0.4375
1 0.2619047619047619
1 0.375
1 0.16666666666666666
1 0.5
1 0.125
1 0.5
1 0.5
1 0.5
1 0.1875
1 0.5
1 0.25
1 0.5
1 0.16666666666666666
1 0.5
1 0.25
1 0.5
1 0.22916666666666666
1 0.5
1 0.25
1 0.5
1 0.3333333333333333
1 0.5
1 0.25
1 0.5
1 0.3125
1 0.5
1 0.125
1 0.5
1 0.20833333333333334
1 0.5
1 0.25
1 0.4375
1 0.2619047619047619
1 0.375
1 0.0
1 0.375
1 0.16666666666666666
1 0.25
1 0.0
1 0.3125
1 0.2
1 0.375
1 0.16666666666666666
1 0.5
1 0.08333333333333333
1 0.5
1 0.0
1 0.5
1 0.125
1 0.5
1 0.0
1 0.5
1 0.20833333333333334
1 0.5
1 0.0
1 0.5
1 0.125
1 0.5
1 0.125
1 0.375
1 0.0
1 0.25
1 0.0
1 0.3125
1 0.03333333333333333
1 0.375
1 0.16666666666666666
1 0.5
1 0.16666666666666666
1 0.5
1 0.25
1 0.5
1 0.125
1 0.5
1 0.0
1 0.5
1 0.041666666666666664
1 0.5
1 0.25
1 0.4375
1 0.07142857142857142
1 0.375
1 0.0
1 0.5
1 0.375
1 0.5
1 0.5
1 0.4375
1 0.38095238095238093
1 0.375
1 0.16666666666666666
1 0.5
1 0.4583333333333333
1 0.5
1 0.5
1 0.5
1 0.4375
1 0.5
1 0.25
1 0.5
1 0.041666666666666664
1 0.5
1 0.5
1 0.4375
1 0.047619047619047616
1 0.375
1 0.0
1 0.375
1 0.0
1 0.25
1 0.0
1 0.3125
1 0.06666666666666667
1 0.375
1 0.0
1 0.5
1 0.0
1 0.5
1 0.5
1 0.5
1 0.0625
1 0.5
1 0.25
1 0.5
1 0.3333333333333333
1 0.5
1 0.5
1 0.5
1 0.2916666666666667
1 0.5
1 0.125
1 0.5
1 0.3333333333333333
1 0.5
1 0.5
1 0.4375
1 0.3333333333333333
1 0.375
1 0.0
1 0.375
1 0.3888888888888889
1 0.25
1 0.5
1 0.3125
1 0.3
1 0.375
1 0.16666666666666666
1 0.5
1 0.08333333333333333
1 0.5
1 0.25
1 0.4375
1 0.14285714285714285
1 0.375
1 0.16666666666666666
1 0.375
1 0.4444444444444444
1 0.25
1 0.5
1 0.3125
1 0.4
1 0.375
1 0.0
1 0.375
1 0.5
1 0.25
1 0.0
1 0.3125
1 0.4666666666666667
1 0.375
1 0.0
1 0.5
1 0.5
1 0.5
1 0.25
1 0.5
1 0.4791666666666667
1 0.5
1 0.25
1 0.375
1 0.5
1 0.25
1 0.0
1 0.3125
1 0.4666666666666667
1 0.375
1 0.16666666666666666
1 0.375
1 0.1111111111111111
1 0.25
1 0.16666666666666666
1 0.3125
1 0.03333333333333333
1 0.375
1 0.1111111111111111
1 0.375
1 0.3888888888888889
1 0.25
1 0.5
1 0.3125
1 0.36666666666666664
1 0.375
1 0.4444444444444444
1 0.375
1 0.2777777777777778
1 0.25
1 0.3333333333333333
1 0.3125
1 0.23333333333333334
1 0.375
1 0.2222222222222222
1 0.375
1 0.5
1 0.25
1 0.5
1 0.3125
1 0.4666666666666667
1 0.375
1 0.3888888888888889
1 0.375
1 0.4444444444444444
1 0.25
1 0.16666666666666666
1 0.3125
1 0.36666666666666664
1 0.375
1 0.2777777777777778
1 0.5
1 0.375
1 0.5
1 0.25
1 0.5
1 0.4166666666666667
1 0.5
1 0.4583333333333333
1 0.375
1 0.0
1 0.25
1 0.3333333333333333
1 0.3125
1 0.16666666666666666
1 0.375
1 0.16666666666666666
1 0.5
1 0.25
1 0.5
1 0.5
1 0.4375
1 0.35714285714285715
1 0.375
1 0.5
1 0.5
1 0.25
1 0.5
1 0.3333333333333333
1 0.5
1 0.125
1 0.5
1 0.375
1 0.375
1 0.16666666666666666
1 0.25
1 0.3333333333333333
1 0.3125
1 0.2
1 0.375
1 0.1111111111111111
1 0.5
1 0.2916666666666667
1 0.5
1 0.5
1 0.4375
1 0.23809523809523808
1 0.375
1 0.3333333333333333
1 0.5
1 0.25
1 0.5
1 0.16666666666666666
1 0.5
1 0.2916666666666667
1 0.5
1 0.5
1 0.5
1 0.16666666666666666
1 0.5
1 0.3333333333333333
1 0.4375
1 0.40476190476190477
1 0.375
1 0.4444444444444444
1 0.375
1 0.1111111111111111
1 0.25
1 0.16666666666666666
1 0.3125
1 0.16666666666666666
1 0.375
1 0.2777777777777778
1 0.5
1 0.5
1 0.5
1 0.5
1 0.4375
1 0.47619047619047616
1 0.375
1 0.3888888888888889
1 0.375
1 0.3333333333333333
1 0.25
1 0.3333333333333333
1 0.3125
1 0.3333333333333333
1 0.375
1 0.3888888888888889
1 0.375
1 0.2222222222222222
1 0.25
1 0.3333333333333333
1 0.3125
1 0.4666666666666667
1 0.375
1 0.3333333333333333
1 0.375
1 0.2777777777777778
1 0.25
1 0.0
1 0.3125
1 0.03333333333333333
1 0.375
1 0.2777777777777778
1 0.375
1 0.16666666666666666
1 0.25
1 0.5
1 0.3125
1 0.4
1 0.375
1 0.3888888888888889
1 0.375
1 0.2777777777777778
1 0.25
1 0.16666666666666666
1 0.3125
1 0.3
1 0.375
1 0.1111111111111111
1 0.375
1 0.16666666666666666
1 0.25
1 0.3333333333333333
1 0.3125
1 0.23333333333333334
1 0.375
1 0.5
1 0.375
1 0.2222222222222222
1 0.25
1 0.5
1 0.3125
1 0.13333333333333333
1 0.375
1 0.3888888888888889
1 0.375
1 0.2777777777777778
1 0.25
1 0.0
1 0.3125
1 0.2
1 0.375
1 0.5
1 0.375
1 0.3888888888888889
1 0.25
1 0.0
1 0.3125
1 0.4
1 0.375
1 0.5
