ymean/lamm 1758.1552884615385 1e-06
feadim/weights 36
1.0
1.0
0.001
0.001
0.001
0.001
0.001
0.001
0.001
0.001
0.001
0.001
0.001
0.001
0.001
0.001
0.001
0.001
0.001
0.001
0.001
0.001
0.001
0.001
0.001
0.001
0.001
0.001
0.001
0.001
0.001
0.001
0.001
0.001
0.001
0.001
63.902576359127124
-105.77417512271518
-42.290807762493614
42.573958230223525
-134.70205751338506
47.11784208860615
-76.04209952969154
17.28372139535793
15.352914486724387
-109.09790347047374
12.209239410629081
72.4228251679022
51.14212833723309
164.27821975142854
-4.051847311422648
49968.811287968885
0.8917733888869215
50053.45963767264
49944.406255609356
50007.609982438385
-49946.53969220398
8.458841809773276
12.647075407207012
12.647554765921086
-50031.190128499176
-41.30649774751839
-43.27674564464655
41.54000467167782
50137.36144246906
-49862.63770413585
99944.49380654754
100209.45046077343
100078.10260677345
-13.541623672775188
-100026.94106480828
149917.49244059756
-100055.50672991389
87.75357320128239
-99790.55157316383
99973.0588501275
-99921.89835060283
-150082.50798307895
-13.871697323862463
-13.871458016335964
17.929322880447614
15.255595283603725
-12.89345150564543
-50007.228716704994
49992.771515559405
49959.722941774875
-50040.276431517676
-177.7457865468832
250113.48332751112
250007.41429187357
-249886.51654468421
-678.0919747749764
-107.56622983515706
12.151400541339171
-49962.22705640271
50037.77336269617
-249992.58650096785
-199909.72847219696
200090.27234104462
-117.18370807332616
-155.61149583908127
-50055.593539124355
-49992.389618193265
32.3766458749285
85.36760965796259
-149933.90329967186
-315.83396734242876
49950.08671654067
-76.24933038583731
150066.0961633781
-1.4875526721561982
-57.996786588497116
-26.737221765899108
-50062.178221385926
59.31737730005409
421.5336042537408
538.3482369259063
82.71469848166532
49937.82150549255
14.705175975200746
47.17669172877493
85.46993452026857
28.926900490963853
32.630716502349514
-100006.06494663656
99993.9343121592
-428.40637991223275
199989.13847840184
-450225.3509014065
-299978.9724167859
449774.6486778779
300021.02775682486
-57.598325055510145
-52.09500925800694
40.267148562091734
-200010.86114986494
-49826.24755043909
50173.7532277517
15.273890148717634
-50049.91397257357
-600005.207683782
49999.35227341052
-1166666.967039493
-50000.6475551548
33331.503659545444
333331.5038469066
-100000.50446059834
-400000.504597574
599994.7928996325
499999.4955061497
520001.6281707948
120001.62742507458
120001.62795433216
320001.6278055683
1149980.131460674
-459994.313074572
-359994.3128875224
150000.97767341475
-66668.59669802524
-1150019.8696277738
-1079998.3716958538
-166668.59645238146
340005.68730284506
-159994.31292158086
640005.6868655598
233331.4036056539
-149999.0222669295
4.8077679572771626
-83.10309002205028
120004.93345062993
-150005.5019640774
620004.9332124526
149994.49728427315
-79995.06682392303
620004.9337279256
-150012.4011029517
-1279995.0662887879
149987.5989137486
250048.17040673643
-249951.82957223803
33340.82839873899
433333.0334592033
33340.82830833271
-66659.1718882434
-85.9189127261148
-1.2583121245836209
733333.0336280353
-366668.496499246
66676.76615757216
166676.7664637789
100018.97889967822
-249982.48004283657
316654.69389785547
18.979645684361458
-83345.30585951172
-99981.02003288921
-383345.3058434455
416654.69421483576
-366677.2583133131
233322.74153442122
-233323.23305976018
133322.74201082624
-32.91187552267786
-366660.8429968571
1039981.0014130687
-1860018.998816263
-1160018.9988680305
33339.15641831327
-149973.68298347513
-100014.73826298676
200006.31255024858
-400014.7388260788
939981.000445297
1039981.0008558426
333339.15705189854
-14.73870608722791
150026.3168192304
399985.2614304265
-100014.73862083629
199985.26160800643
45.576780907133326
133341.54734829813
133341.54712273926
-266658.4527254775
-616670.497574972
-1116670.496731842
-2249959.893460516
-316670.495920592
-316670.49669279624
-199993.68659850582
-99987.89019709639
2250040.107335495
1083329.50314416
1283329.5028626397
-99987.89009500388
200012.11057975888
-50015.25693657994
49984.74307604879
-599992.5641491804
600007.4364121519
17.792077295326948
250017.52052233263
-383345.30635034107
116654.69416319951
refpoints
0.0
3.0
8.0
16.0
0.0
0.0
9.0
0.0
16.0
29.0
0.0
8.0
10.0
0.0
4.0
14.0
0.0
19.0
0.0
8.0
0.0
32.0
0.0
8.0
11.0
33.0
0.0
49.0
2.0
13.0
6.0
9.0
0.0
12.0
1.0
2.0
0.0
3.0
4.0
20.0
0.0
4.0
5.0
0.0
21.0
24.0
0.0
6.0
12.0
0.0
1.0
11.0
0.0
25.0
3.0
18.0
0.0
25.0
0.0
2.0
7.0
41.0
0.0
54.0
0.0
6.0
2.0
7.0
0.0
19.0
0.0
2.0
0.0
3.0
0.0
24.0
0.0
2.0
7.0
0.0
13.0
32.0
0.0
4.0
14.0
0.0
0.0
0.0
0.0
37.0
0.0
8.0
0.0
40.0
0.0
0.0
0.0
26.0
0.0
82.0
0.0
0.0
0.0
5.0
0.0
25.0
0.0
0.0
0.0
3.0
8.0
16.0
0.0
1.0
8.0
0.0
14.0
31.0
0.0
8.0
10.0
0.0
4.0
14.0
0.0
19.0
0.0
12.0
0.0
28.0
0.0
8.0
7.0
33.0
0.0
49.0
2.0
17.0
4.0
11.0
0.0
10.0
1.0
4.0
0.0
3.0
6.0
18.0
0.0
0.0
9.0
0.0
14.0
31.0
0.0
6.0
12.0
0.0
2.0
12.0
0.0
23.0
0.0
6.0
0.0
36.0
0.0
6.0
4.0
34.0
0.0
55.0
1.0
14.0
1.0
10.0
0.0
13.0
1.0
5.0
0.0
3.0
2.0
22.0
0.0
0.0
9.0
0.0
15.0
30.0
0.0
5.0
13.0
0.0
0.0
7.0
0.0
30.0
0.0
3.0
0.0
42.0
0.0
3.0
2.0
30.0
0.0
71.0
0.0
5.0
0.0
7.0
0.0
21.0
0.0
2.0
0.0
3.0
8.0
16.0
0.0
5.0
4.0
0.0
30.0
15.0
0.0
9.0
9.0
0.0
6.0
13.0
0.0
18.0
10.0
18.0
0.0
19.0
1.0
0.0
20.0
50.0
0.0
31.0
1.0
6.0
3.0
14.0
0.0
8.0
0.0
5.0
0.0
3.0
7.0
17.0
0.0
5.0
4.0
0.0
29.0
16.0
0.0
7.0
11.0
0.0
5.0
14.0
0.0
18.0
8.0
22.0
0.0
16.0
0.0
2.0
16.0
50.0
0.0
34.0
0.0
8.0
3.0
8.0
0.0
15.0
0.0
4.0
0.0
3.0
1.0
23.0
0.0
3.0
6.0
0.0
12.0
33.0
0.0
3.0
15.0
0.0
0.0
4.0
0.0
33.0
1.0
13.0
0.0
33.0
0.0
1.0
2.0
22.0
0.0
82.0
0.0
2.0
0.0
3.0
0.0
26.0
0.0
1.0
0.0
3.0
11.0
13.0
0.0
0.0
9.0
0.0
24.0
21.0
0.0
11.0
7.0
0.0
7.0
16.0
0.0
14.0
0.0
11.0
0.0
26.0
0.0
11.0
23.0
37.0
0.0
33.0
5.0
10.0
10.0
9.0
0.0
7.0
3.0
1.0
0.0
3.0
14.0
10.0
0.0
5.0
4.0
0.0
39.0
6.0
0.0
11.0
7.0
0.0
12.0
18.0
0.0
7.0
14.0
11.0
0.0
14.0
6.0
3.0
39.0
51.0
0.0
7.0
5.0
6.0
11.0
8.0
0.0
5.0
3.0
3.0
0.0
3.0
3.0
21.0
0.0
2.0
7.0
0.0
19.0
26.0
0.0
5.0
13.0
0.0
0.0
11.0
0.0
26.0
1.0
12.0
0.0
31.0
0.0
4.0
5.0
35.0
0.0
62.0
0.0
6.0
0.0
7.0
0.0
20.0
0.0
3.0
0.0
3.0
14.0
10.0
0.0
0.0
9.0
0.0
27.0
18.0
0.0
11.0
7.0
0.0
13.0
15.0
0.0
9.0
0.0
8.0
0.0
20.0
4.0
16.0
24.0
42.0
0.0
16.0
6.0
20.0
11.0
8.0
0.0
5.0
3.0
3.0
0.0
3.0
8.0
16.0
0.0
4.0
5.0
0.0
27.0
18.0
0.0
7.0
11.0
0.0
6.0
14.0
0.0
17.0
8.0
15.0
0.0
20.0
2.0
3.0
17.0
45.0
0.0
35.0
1.0
10.0
2.0
11.0
0.0
11.0
0.0
6.0
3.0
0.0
4.0
0.0
20.0
4.0
0.0
5.0
20.0
0.0
25.0
12.0
0.0
6.0
10.0
1.0
26.0
0.0
18.0
2.0
26.0
0.0
2.0
0.0
44.0
4.0
52.0
0.0
8.0
0.0
16.0
2.0
10.0
0.0
2.0
0.0
2.0
1.0
11.0
1.0
12.0
3.0
2.0
4.0
25.0
5.0
15.0
6.0
6.0
6.0
19.0
4.0
14.0
0.0
14.0
2.0
17.0
1.0
7.0
7.0
48.0
10.0
26.0
0.0
14.0
10.0
7.0
2.0
8.0
1.0
4.0
8.0
2.0
1.0
13.0
1.0
10.0
2.0
3.0
4.0
25.0
5.0
15.0
6.0
6.0
6.0
26.0
4.0
7.0
0.0
7.0
3.0
14.0
1.0
10.0
13.0
48.0
12.0
17.0
0.0
20.0
11.0
6.0
3.0
7.0
1.0
5.0
8.0
2.0
1.0
11.0
2.0
11.0
4.0
2.0
3.0
25.0
5.0
15.0
6.0
6.0
6.0
18.0
8.0
11.0
0.0
15.0
3.0
12.0
3.0
8.0
7.0
42.0
18.0
23.0
0.0
14.0
11.0
7.0
2.0
7.0
2.0
5.0
7.0
1.0
2.0
14.0
4.0
6.0
6.0
2.0
1.0
20.0
15.0
10.0
12.0
6.0
0.0
19.0
10.0
7.0
1.0
20.0
8.0
5.0
1.0
7.0
7.0
32.0
16.0
16.0
6.0
14.0
24.0
12.0
6.0
1.0
2.0
2.0
7.0
2.0
1.0
11.0
2.0
11.0
4.0
2.0
3.0
25.0
5.0
15.0
6.0
6.0
6.0
18.0
8.0
11.0
0.0
16.0
6.0
12.0
2.0
6.0
6.0
44.0
14.0
23.0
3.0
15.0
9.0
6.0
3.0
8.0
2.0
4.0
7.0
2.0
1.0
11.0
2.0
11.0
4.0
2.0
3.0
25.0
5.0
15.0
6.0
6.0
6.0
18.0
8.0
11.0
0.0
15.0
3.0
12.0
3.0
8.0
7.0
42.0
18.0
23.0
0.0
14.0
11.0
7.0
2.0
7.0
2.0
5.0
7.0
2.0
1.0
11.0
2.0
11.0
6.0
1.0
2.0
15.0
10.0
20.0
18.0
0.0
0.0
23.0
4.0
9.0
1.0
22.0
8.0
8.0
0.0
6.0
4.0
26.0
12.0
32.0
4.0
16.0
18.0
19.0
8.0
2.0
0.0
1.0
0.0
2.0
1.0
9.0
3.0
12.0
8.0
0.0
1.0
15.0
10.0
20.0
18.0
0.0
0.0
15.0
8.0
13.0
1.0
25.0
9.0
8.0
1.0
4.0
1.0
30.0
10.0
32.0
7.0
15.0
14.0
19.0
8.0
2.0
0.0
1.0
0.0
2.0
1.0
9.0
3.0
12.0
8.0
0.0
1.0
15.0
10.0
20.0
18.0
0.0
0.0
15.0
8.0
13.0
1.0
25.0
9.0
8.0
1.0
4.0
1.0
30.0
10.0
32.0
7.0
15.0
14.0
19.0
8.0
2.0
0.0
1.0
0.0
2.0
1.0
11.0
1.0
12.0
3.0
2.0
4.0
25.0
5.0
15.0
6.0
6.0
6.0
19.0
4.0
14.0
0.0
14.0
2.0
17.0
1.0
7.0
7.0
48.0
10.0
26.0
0.0
14.0
10.0
7.0
2.0
8.0
1.0
4.0
8.0
3.0
0.0
8.0
0.0
16.0
6.0
0.0
3.0
20.0
0.0
25.0
12.0
0.0
6.0
22.0
2.0
13.0
0.0
18.0
6.0
14.0
0.0
6.0
4.0
44.0
8.0
34.0
0.0
20.0
2.0
14.0
4.0
8.0
0.0
4.0
0.0
0.0
3.0
17.0
7.0
0.0
5.0
4.0
0.0
25.0
20.0
0.0
6.0
12.0
0.0
19.0
16.0
0.0
2.0
12.0
12.0
0.0
2.0
8.0
14.0
28.0
30.0
0.0
8.0
10.0
32.0
5.0
4.0
0.0
6.0
3.0
12.0
1.0
2.0
14.0
5.0
5.0
3.0
4.0
2.0
30.0
10.0
5.0
0.0
12.0
6.0
16.0
15.0
5.0
1.0
8.0
10.0
8.0
4.0
6.0
12.0
42.0
26.0
6.0
6.0
12.0
16.0
0.0
0.0
6.0
6.0
6.0
12.0
1.0
2.0
16.0
4.0
4.0
1.0
5.0
3.0
30.0
10.0
5.0
0.0
12.0
6.0
21.0
14.0
2.0
0.0
3.0
3.0
8.0
5.0
12.0
17.0
40.0
30.0
3.0
0.0
14.0
21.0
0.0
0.0
5.0
5.0
7.0
13.0
1.0
2.0
16.0
4.0
4.0
1.0
5.0
3.0
30.0
10.0
5.0
0.0
12.0
6.0
21.0
14.0
2.0
0.0
3.0
3.0
8.0
5.0
12.0
17.0
40.0
30.0
3.0
0.0
14.0
21.0
0.0
0.0
5.0
5.0
7.0
13.0
1.0
2.0
14.0
5.0
5.0
5.0
3.0
1.0
20.0
15.0
10.0
12.0
6.0
0.0
18.0
14.0
4.0
1.0
16.0
10.0
3.0
3.0
7.0
9.0
28.0
20.0
13.0
9.0
15.0
23.0
11.0
7.0
1.0
3.0
2.0
6.0
1.0
2.0
14.0
5.0
5.0
5.0
3.0
1.0
20.0
15.0
10.0
12.0
6.0
0.0
18.0
14.0
4.0
1.0
13.0
9.0
4.0
3.0
8.0
11.0
32.0
18.0
10.0
9.0
17.0
22.0
10.0
8.0
1.0
2.0
2.0
7.0
2.0
1.0
13.0
2.0
9.0
3.0
3.0
3.0
25.0
5.0
15.0
6.0
6.0
6.0
23.0
9.0
5.0
0.0
9.0
7.0
10.0
3.0
8.0
11.0
44.0
16.0
14.0
3.0
21.0
10.0
5.0
4.0
7.0
2.0
5.0
7.0
2.0
1.0
9.0
2.0
13.0
7.0
0.0
2.0
15.0
10.0
20.0
18.0
0.0
0.0
16.0
4.0
16.0
1.0
26.0
6.0
12.0
0.0
4.0
0.0
30.0
8.0
38.0
4.0
12.0
16.0
21.0
6.0
2.0
0.0
1.0
0.0
2.0
1.0
11.0
3.0
10.0
5.0
2.0
2.0
25.0
5.0
15.0
6.0
6.0
6.0
18.0
10.0
8.0
1.0
15.0
9.0
9.0
4.0
5.0
6.0
38.0
22.0
20.0
3.0
15.0
10.0
6.0
3.0
7.0
3.0
5.0
6.0
2.0
1.0
13.0
2.0
9.0
3.0
3.0
3.0
25.0
5.0
15.0
6.0
6.0
6.0
23.0
9.0
5.0
0.0
8.0
4.0
10.0
4.0
10.0
12.0
42.0
20.0
14.0
0.0
20.0
12.0
6.0
3.0
6.0
2.0
6.0
7.0
1.0
2.0
14.0
5.0
5.0
5.0
3.0
1.0
20.0
15.0
10.0
12.0
6.0
0.0
18.0
14.0
4.0
1.0
16.0
10.0
3.0
3.0
7.0
9.0
28.0
20.0
13.0
9.0
15.0
23.0
11.0
7.0
1.0
3.0
2.0
6.0
1.0
2.0
12.0
6.0
6.0
7.0
2.0
0.0
20.0
15.0
10.0
12.0
6.0
0.0
13.0
15.0
7.0
2.0
19.0
11.0
3.0
4.0
5.0
6.0
26.0
24.0
16.0
9.0
11.0
22.0
11.0
7.0
1.0
3.0
2.0
6.0
1.0
2.0
14.0
5.0
5.0
5.0
3.0
1.0
20.0
15.0
10.0
12.0
6.0
0.0
18.0
14.0
4.0
1.0
13.0
9.0
4.0
3.0
8.0
11.0
32.0
18.0
10.0
9.0
17.0
22.0
10.0
8.0
1.0
2.0
2.0
7.0
2.0
1.0
11.0
3.0
10.0
5.0
2.0
2.0
25.0
5.0
15.0
6.0
6.0
6.0
18.0
10.0
8.0
1.0
15.0
9.0
9.0
4.0
5.0
6.0
38.0
22.0
20.0
3.0
15.0
10.0
6.0
3.0
7.0
3.0
5.0
6.0
2.0
1.0
13.0
2.0
9.0
3.0
3.0
3.0
25.0
5.0
15.0
6.0
6.0
6.0
23.0
9.0
5.0
0.0
9.0
7.0
10.0
3.0
8.0
11.0
44.0
16.0
14.0
3.0
21.0
10.0
5.0
4.0
7.0
2.0
5.0
7.0
2.0
1.0
13.0
2.0
9.0
3.0
3.0
3.0
25.0
5.0
15.0
6.0
6.0
6.0
23.0
9.0
5.0
0.0
8.0
4.0
10.0
4.0
10.0
12.0
42.0
20.0
14.0
0.0
20.0
12.0
6.0
3.0
6.0
2.0
6.0
7.0
2.0
1.0
11.0
3.0
10.0
7.0
1.0
1.0
15.0
10.0
20.0
18.0
0.0
0.0
20.0
9.0
7.0
1.0
21.0
11.0
5.0
2.0
5.0
4.0
26.0
14.0
26.0
7.0
19.0
16.0
17.0
10.0
2.0
0.0
1.0
0.0
2.0
1.0
11.0
3.0
10.0
7.0
1.0
1.0
15.0
10.0
20.0
18.0
0.0
0.0
20.0
9.0
7.0
1.0
21.0
11.0
5.0
2.0
5.0
4.0
26.0
14.0
26.0
7.0
19.0
16.0
17.0
10.0
2.0
0.0
1.0
0.0
3.0
0.0
6.0
0.0
18.0
5.0
0.0
4.0
20.0
0.0
25.0
12.0
0.0
6.0
17.0
1.0
19.0
0.0
22.0
4.0
18.0
0.0
4.0
0.0
40.0
8.0
46.0
0.0
12.0
2.0
14.0
4.0
10.0
0.0
2.0
0.0
3.0
0.0
10.0
0.0
14.0
7.0
0.0
2.0
20.0
0.0
25.0
12.0
0.0
6.0
25.0
4.0
8.0
0.0
18.0
12.0
10.0
0.0
4.0
4.0
40.0
12.0
28.0
0.0
24.0
4.0
12.0
6.0
8.0
0.0
4.0
0.0
0.0
3.0
15.0
9.0
0.0
4.0
5.0
0.0
25.0
20.0
0.0
6.0
12.0
0.0
13.0
21.0
0.0
3.0
8.0
14.0
0.0
6.0
6.0
14.0
24.0
34.0
0.0
14.0
8.0
28.0
5.0
4.0
0.0
8.0
3.0
10.0
0.0
3.0
15.0
9.0
0.0
4.0
5.0
0.0
25.0
20.0
0.0
6.0
12.0
0.0
13.0
21.0
0.0
3.0
7.0
11.0
0.0
7.0
8.0
15.0
22.0
38.0
0.0
11.0
7.0
30.0
4.0
5.0
0.0
7.0
3.0
11.0
0.0
3.0
15.0
9.0
0.0
4.0
5.0
0.0
25.0
20.0
0.0
6.0
12.0
0.0
13.0
21.0
0.0
3.0
7.0
11.0
0.0
7.0
8.0
15.0
22.0
38.0
0.0
11.0
7.0
30.0
4.0
5.0
0.0
7.0
3.0
11.0
1.0
2.0
14.0
6.0
4.0
2.0
5.0
2.0
30.0
10.0
5.0
0.0
12.0
6.0
16.0
17.0
2.0
2.0
3.0
9.0
7.0
8.0
7.0
14.0
36.0
34.0
3.0
6.0
12.0
17.0
0.0
0.0
5.0
7.0
7.0
11.0
1.0
2.0
14.0
6.0
4.0
2.0
5.0
2.0
30.0
10.0
5.0
0.0
12.0
6.0
16.0
17.0
2.0
2.0
3.0
9.0
7.0
8.0
7.0
14.0
36.0
34.0
3.0
6.0
12.0
17.0
0.0
0.0
5.0
7.0
7.0
11.0
1.0
2.0
16.0
5.0
3.0
0.0
6.0
3.0
30.0
10.0
5.0
0.0
12.0
6.0
18.0
19.0
0.0
0.0
0.0
0.0
6.0
10.0
14.0
18.0
34.0
38.0
0.0
0.0
14.0
22.0
0.0
0.0
4.0
6.0
8.0
12.0
1.0
2.0
12.0
7.0
5.0
6.0
3.0
0.0
20.0
15.0
10.0
12.0
6.0
0.0
13.0
17.0
4.0
3.0
15.0
13.0
2.0
7.0
4.0
7.0
22.0
28.0
13.0
12.0
12.0
21.0
10.0
8.0
1.0
4.0
2.0
5.0
3.0
0.0
6.0
0.0
18.0
5.0
0.0
4.0
20.0
0.0
25.0
12.0
0.0
6.0
17.0
1.0
19.0
0.0
19.0
3.0
19.0
0.0
5.0
2.0
44.0
6.0
43.0
0.0
14.0
1.0
15.0
3.0
9.0
0.0
3.0
0.0
1.0
2.0
12.0
7.0
5.0
6.0
3.0
0.0
20.0
15.0
10.0
12.0
6.0
0.0
13.0
17.0
4.0
3.0
15.0
13.0
2.0
7.0
4.0
7.0
22.0
28.0
13.0
12.0
12.0
21.0
10.0
8.0
1.0
4.0
2.0
5.0
1.0
2.0
12.0
7.0
5.0
6.0
3.0
0.0
20.0
15.0
10.0
12.0
6.0
0.0
13.0
17.0
4.0
3.0
12.0
12.0
3.0
7.0
5.0
9.0
26.0
26.0
10.0
12.0
14.0
20.0
9.0
9.0
1.0
3.0
2.0
6.0
2.0
1.0
13.0
3.0
8.0
4.0
3.0
2.0
25.0
5.0
15.0
6.0
6.0
6.0
21.0
12.0
3.0
1.0
8.0
10.0
8.0
6.0
6.0
10.0
38.0
24.0
11.0
3.0
21.0
11.0
5.0
4.0
6.0
3.0
6.0
6.0
2.0
1.0
11.0
4.0
9.0
8.0
1.0
0.0
15.0
10.0
20.0
18.0
0.0
0.0
18.0
12.0
5.0
2.0
18.0
16.0
4.0
4.0
2.0
4.0
26.0
16.0
20.0
10.0
22.0
14.0
15.0
12.0
2.0
0.0
1.0
0.0
0.0
3.0
13.0
11.0
0.0
3.0
6.0
0.0
25.0
20.0
0.0
6.0
12.0
0.0
8.0
24.0
0.0
5.0
5.0
11.0
0.0
13.0
6.0
13.0
18.0
42.0
0.0
17.0
5.0
26.0
4.0
5.0
0.0
9.0
3.0
9.0
0.0
3.0
13.0
11.0
0.0
3.0
6.0
0.0
25.0
20.0
0.0
6.0
12.0
0.0
8.0
24.0
0.0
5.0
5.0
11.0
0.0
13.0
6.0
13.0
18.0
42.0
0.0
17.0
5.0
26.0
4.0
5.0
0.0
9.0
3.0
9.0
3.0
0.0
6.0
0.0
18.0
5.0
0.0
4.0
20.0
0.0
25.0
12.0
0.0
6.0
17.0
1.0
19.0
0.0
19.0
3.0
19.0
0.0
5.0
2.0
44.0
6.0
43.0
0.0
14.0
1.0
15.0
3.0
9.0
0.0
3.0
0.0
1.0
2.0
12.0
8.0
4.0
5.0
4.0
0.0
20.0
15.0
10.0
12.0
6.0
0.0
11.0
20.0
2.0
4.0
10.0
12.0
2.0
12.0
4.0
8.0
22.0
30.0
7.0
15.0
15.0
19.0
8.0
10.0
1.0
4.0
2.0
5.0
1.0
2.0
12.0
8.0
4.0
5.0
4.0
0.0
20.0
15.0
10.0
12.0
6.0
0.0
11.0
20.0
2.0
4.0
10.0
12.0
2.0
12.0
4.0
8.0
22.0
30.0
7.0
15.0
15.0
19.0
8.0
10.0
1.0
4.0
2.0
5.0
0.0
3.0
11.0
13.0
0.0
2.0
7.0
0.0
25.0
20.0
0.0
6.0
12.0
0.0
4.0
25.0
0.0
8.0
4.0
6.0
0.0
22.0
6.0
10.0
12.0
50.0
0.0
20.0
2.0
24.0
3.0
6.0
0.0
10.0
3.0
8.0
1.0
2.0
16.0
3.0
5.0
2.0
4.0
3.0
30.0
10.0
5.0
0.0
12.0
6.0
22.0
10.0
5.0
0.0
8.0
4.0
10.0
2.0
10.0
14.0
46.0
22.0
6.0
0.0
14.0
20.0
0.0
0.0
6.0
4.0
6.0
14.0
1.0
2.0
14.0
4.0
6.0
6.0
2.0
1.0
20.0
15.0
10.0
12.0
6.0
0.0
19.0
10.0
7.0
1.0
20.0
8.0
5.0
1.0
7.0
7.0
32.0
16.0
16.0
6.0
14.0
24.0
12.0
6.0
1.0
2.0
2.0
7.0
2.0
1.0
11.0
2.0
11.0
4.0
2.0
3.0
25.0
5.0
15.0
6.0
6.0
6.0
18.0
8.0
11.0
0.0
16.0
6.0
12.0
2.0
6.0
6.0
44.0
14.0
23.0
3.0
15.0
9.0
6.0
3.0
8.0
2.0
4.0
7.0
3.0
0.0
11.0
0.0
13.0
2.0
0.0
7.0
25.0
0.0
20.0
6.0
0.0
12.0
25.0
4.0
8.0
0.0
6.0
4.0
22.0
0.0
10.0
6.0
50.0
12.0
20.0
0.0
24.0
2.0
6.0
3.0
10.0
0.0
8.0
3.0
2.0
1.0
12.0
4.0
8.0
5.0
0.0
4.0
20.0
10.0
15.0
12.0
0.0
6.0
20.0
11.0
4.0
2.0
12.0
10.0
12.0
2.0
8.0
4.0
30.0
22.0
15.0
7.0
19.0
15.0
10.0
8.0
4.0
1.0
5.0
2.0
2.0
1.0
14.0
4.0
6.0
4.0
1.0
4.0
20.0
10.0
15.0
12.0
0.0
6.0
19.0
15.0
1.0
2.0
9.0
11.0
7.0
2.0
11.0
8.0
22.0
28.0
12.0
7.0
21.0
18.0
9.0
9.0
3.0
1.0
6.0
2.0
1.0
2.0
13.0
8.0
3.0
4.0
2.0
3.0
25.0
15.0
5.0
6.0
6.0
6.0
12.0
21.0
1.0
3.0
10.0
8.0
6.0
8.0
10.0
6.0
24.0
38.0
3.0
11.0
11.0
21.0
4.0
5.0
3.0
6.0
6.0
6.0
2.0
1.0
12.0
5.0
7.0
6.0
0.0
3.0
20.0
10.0
15.0
12.0
0.0
6.0
17.0
13.0
3.0
4.0
12.0
12.0
7.0
3.0
9.0
5.0
26.0
26.0
12.0
10.0
20.0
14.0
9.0
9.0
3.0
1.0
6.0
2.0
2.0
1.0
12.0
5.0
7.0
6.0
0.0
3.0
20.0
10.0
15.0
12.0
0.0
6.0
17.0
13.0
3.0
4.0
13.0
15.0
7.0
2.0
7.0
4.0
28.0
22.0
12.0
13.0
21.0
12.0
8.0
10.0
4.0
1.0
5.0
2.0
2.0
1.0
14.0
4.0
6.0
4.0
1.0
4.0
20.0
10.0
15.0
12.0
0.0
6.0
19.0
15.0
1.0
2.0
9.0
11.0
7.0
2.0
11.0
8.0
22.0
28.0
12.0
7.0
21.0
18.0
9.0
9.0
3.0
1.0
6.0
2.0
2.0
1.0
16.0
3.0
5.0
0.0
3.0
6.0
30.0
5.0
10.0
0.0
6.0
12.0
19.0
18.0
0.0
0.0
0.0
0.0
10.0
6.0
18.0
14.0
38.0
34.0
0.0
0.0
22.0
14.0
0.0
0.0
6.0
4.0
12.0
8.0
2.0
1.0
14.0
4.0
6.0
2.0
2.0
5.0
30.0
5.0
10.0
0.0
6.0
12.0
17.0
16.0
2.0
2.0
9.0
3.0
8.0
7.0
14.0
7.0
34.0
36.0
6.0
3.0
17.0
12.0
0.0
0.0
7.0
5.0
11.0
7.0
0.0
3.0
10.0
14.0
0.0
7.0
2.0
0.0
20.0
25.0
0.0
12.0
6.0
0.0
4.0
25.0
0.0
8.0
12.0
18.0
0.0
10.0
4.0
4.0
12.0
40.0
0.0
28.0
4.0
24.0
6.0
12.0
0.0
8.0
0.0
4.0
2.0
1.0
14.0
5.0
5.0
5.0
1.0
3.0
20.0
10.0
15.0
12.0
0.0
6.0
14.0
18.0
1.0
4.0
9.0
13.0
3.0
4.0
11.0
8.0
18.0
32.0
9.0
10.0
22.0
17.0
8.0
10.0
2.0
1.0
7.0
2.0
2.0
1.0
14.0
3.0
7.0
1.0
2.0
6.0
30.0
5.0
10.0
0.0
6.0
12.0
20.0
14.0
3.0
0.0
6.0
0.0
14.0
6.0
14.0
8.0
42.0
30.0
6.0
0.0
18.0
12.0
0.0
0.0
8.0
4.0
10.0
8.0
1.0
2.0
13.0
9.0
2.0
3.0
3.0
3.0
25.0
15.0
5.0
6.0
6.0
6.0
9.0
23.0
0.0
5.0
4.0
8.0
4.0
10.0
12.0
10.0
20.0
42.0
0.0
14.0
12.0
20.0
3.0
6.0
2.0
6.0
7.0
6.0
1.0
2.0
11.0
10.0
3.0
5.0
2.0
2.0
25.0
15.0
5.0
6.0
6.0
6.0
10.0
18.0
1.0
8.0
9.0
15.0
4.0
9.0
6.0
5.0
22.0
38.0
3.0
20.0
10.0
15.0
3.0
6.0
3.0
7.0
6.0
5.0
2.0
1.0
12.0
6.0
6.0
7.0
0.0
2.0
20.0
10.0
15.0
12.0
0.0
6.0
15.0
13.0
2.0
7.0
11.0
19.0
4.0
3.0
6.0
5.0
24.0
26.0
9.0
16.0
22.0
11.0
7.0
11.0
3.0
1.0
6.0
2.0
2.0
1.0
14.0
5.0
5.0
5.0
1.0
3.0
20.0
10.0
15.0
12.0
0.0
6.0
14.0
18.0
1.0
4.0
9.0
13.0
3.0
4.0
11.0
8.0
18.0
32.0
9.0
10.0
22.0
17.0
8.0
10.0
2.0
1.0
7.0
2.0
2.0
1.0
14.0
5.0
5.0
5.0
1.0
3.0
20.0
10.0
15.0
12.0
0.0
6.0
14.0
18.0
1.0
4.0
10.0
16.0
3.0
3.0
9.0
7.0
20.0
28.0
9.0
13.0
23.0
15.0
7.0
11.0
3.0
1.0
6.0
2.0
2.0
1.0
16.0
4.0
4.0
1.0
3.0
5.0
30.0
5.0
10.0
0.0
6.0
12.0
14.0
21.0
0.0
2.0
3.0
3.0
5.0
8.0
17.0
12.0
30.0
40.0
0.0
3.0
21.0
14.0
0.0
0.0
5.0
5.0
13.0
7.0
2.0
1.0
14.0
5.0
5.0
3.0
2.0
4.0
30.0
5.0
10.0
0.0
6.0
12.0
15.0
16.0
1.0
5.0
10.0
8.0
4.0
8.0
12.0
6.0
26.0
42.0
6.0
6.0
16.0
12.0
0.0
0.0
6.0
6.0
12.0
6.0
3.0
0.0
17.0
0.0
7.0
5.0
0.0
4.0
25.0
0.0
20.0
6.0
0.0
12.0
16.0
19.0
2.0
0.0
12.0
12.0
2.0
0.0
14.0
8.0
30.0
28.0
8.0
0.0
32.0
10.0
4.0
5.0
6.0
0.0
12.0
3.0
0.0
3.0
8.0
16.0
0.0
6.0
3.0
0.0
20.0
25.0
0.0
12.0
6.0
0.0
2.0
22.0
0.0
13.0
6.0
18.0
0.0
14.0
4.0
6.0
8.0
44.0
0.0
34.0
2.0
20.0
4.0
14.0
0.0
8.0
0.0
4.0
0.0
3.0
8.0
16.0
0.0
6.0
3.0
0.0
20.0
25.0
0.0
12.0
6.0
0.0
2.0
22.0
0.0
13.0
7.0
21.0
0.0
13.0
2.0
5.0
10.0
40.0
0.0
37.0
3.0
18.0
5.0
13.0
0.0
9.0
0.0
3.0
0.0
3.0
8.0
16.0
0.0
6.0
3.0
0.0
20.0
25.0
0.0
12.0
6.0
0.0
2.0
22.0
0.0
13.0
7.0
21.0
0.0
13.0
2.0
5.0
10.0
40.0
0.0
37.0
3.0
18.0
5.0
13.0
0.0
9.0
0.0
3.0
1.0
2.0
11.0
11.0
2.0
4.0
3.0
2.0
25.0
15.0
5.0
6.0
6.0
6.0
8.0
18.0
0.0
11.0
3.0
15.0
3.0
12.0
7.0
8.0
18.0
42.0
0.0
23.0
11.0
14.0
2.0
7.0
2.0
7.0
7.0
5.0
3.0
0.0
13.0
0.0
11.0
3.0
0.0
6.0
25.0
0.0
20.0
6.0
0.0
12.0
24.0
8.0
5.0
0.0
11.0
5.0
13.0
0.0
13.0
6.0
42.0
18.0
17.0
0.0
26.0
5.0
5.0
4.0
9.0
0.0
9.0
3.0
1.0
2.0
11.0
11.0
2.0
4.0
3.0
2.0
25.0
15.0
5.0
6.0
6.0
6.0
8.0
18.0
0.0
11.0
6.0
16.0
2.0
12.0
6.0
6.0
14.0
44.0
3.0
23.0
9.0
15.0
3.0
6.0
2.0
8.0
7.0
4.0
2.0
1.0
14.0
6.0
4.0
6.0
1.0
2.0
20.0
10.0
15.0
12.0
0.0
6.0
10.0
19.0
1.0
7.0
8.0
20.0
1.0
5.0
7.0
7.0
16.0
32.0
6.0
16.0
24.0
14.0
6.0
12.0
2.0
1.0
7.0
2.0
1.0
2.0
11.0
11.0
2.0
4.0
3.0
2.0
25.0
15.0
5.0
6.0
6.0
6.0
8.0
18.0
0.0
11.0
6.0
16.0
2.0
12.0
6.0
6.0
14.0
44.0
3.0
23.0
9.0
15.0
3.0
6.0
2.0
8.0
7.0
4.0
2.0
1.0
14.0
6.0
4.0
6.0
1.0
2.0
20.0
10.0
15.0
12.0
0.0
6.0
10.0
19.0
1.0
7.0
8.0
20.0
1.0
5.0
7.0
7.0
16.0
32.0
6.0
16.0
24.0
14.0
6.0
12.0
2.0
1.0
7.0
2.0
2.0
1.0
16.0
5.0
3.0
2.0
3.0
4.0
30.0
5.0
10.0
0.0
6.0
12.0
10.0
22.0
0.0
5.0
4.0
8.0
2.0
10.0
14.0
10.0
22.0
46.0
0.0
6.0
20.0
14.0
0.0
0.0
4.0
6.0
14.0
6.0
0.0
3.0
6.0
18.0
0.0
5.0
4.0
0.0
20.0
25.0
0.0
12.0
6.0
0.0
1.0
17.0
0.0
19.0
3.0
19.0
0.0
19.0
2.0
5.0
6.0
44.0
0.0
43.0
1.0
14.0
3.0
15.0
0.0
9.0
0.0
3.0
0.0
3.0
6.0
18.0
0.0
5.0
4.0
0.0
20.0
25.0
0.0
12.0
6.0
0.0
1.0
17.0
0.0
19.0
4.0
22.0
0.0
18.0
0.0
4.0
8.0
40.0
0.0
46.0
2.0
12.0
4.0
14.0
0.0
10.0
0.0
2.0
3.0
0.0
13.0
0.0
11.0
3.0
0.0
6.0
25.0
0.0
20.0
6.0
0.0
12.0
24.0
8.0
5.0
0.0
11.0
5.0
13.0
0.0
13.0
6.0
42.0
18.0
17.0
0.0
26.0
5.0
5.0
4.0
9.0
0.0
9.0
3.0
1.0
2.0
11.0
12.0
1.0
3.0
4.0
2.0
25.0
15.0
5.0
6.0
6.0
6.0
4.0
19.0
0.0
14.0
2.0
14.0
1.0
17.0
7.0
7.0
10.0
48.0
0.0
26.0
10.0
14.0
2.0
7.0
1.0
8.0
8.0
4.0
1.0
2.0
11.0
12.0
1.0
3.0
4.0
2.0
25.0
15.0
5.0
6.0
6.0
6.0
4.0
19.0
0.0
14.0
2.0
14.0
1.0
17.0
7.0
7.0
10.0
48.0
0.0
26.0
10.0
14.0
2.0
7.0
1.0
8.0
8.0
4.0
0.0
3.0
4.0
20.0
0.0
4.0
5.0
0.0
20.0
25.0
0.0
12.0
6.0
0.0
1.0
10.0
0.0
26.0
2.0
18.0
0.0
26.0
0.0
2.0
4.0
44.0
0.0
52.0
0.0
8.0
2.0
16.0
0.0
10.0
0.0
2.0
2.0
1.0
12.0
5.0
7.0
6.0
0.0
3.0
20.0
10.0
15.0
12.0
0.0
6.0
17.0
13.0
3.0
4.0
12.0
12.0
7.0
3.0
9.0
5.0
26.0
26.0
12.0
10.0
20.0
14.0
9.0
9.0
3.0
1.0
6.0
2.0
2.0
1.0
9.0
0.0
15.0
3.0
0.0
6.0
15.0
0.0
30.0
6.0
0.0
12.0
15.0
0.0
22.0
0.0
12.0
0.0
30.0
0.0
6.0
0.0
30.0
0.0
66.0
0.0
12.0
0.0
9.0
0.0
18.0
0.0
3.0
0.0
2.0
1.0
9.0
1.0
14.0
4.0
0.0
5.0
15.0
0.0
30.0
6.0
0.0
12.0
14.0
4.0
19.0
0.0
14.0
4.0
24.0
0.0
6.0
0.0
28.0
6.0
60.0
0.0
14.0
0.0
8.0
1.0
17.0
0.0
4.0
0.0
1.0
2.0
16.0
1.0
7.0
6.0
0.0
3.0
30.0
0.0
15.0
12.0
0.0
6.0
24.0
3.0
10.0
0.0
22.0
2.0
14.0
0.0
10.0
0.0
54.0
6.0
30.0
0.0
18.0
0.0
16.0
2.0
8.0
0.0
4.0
0.0
2.0
1.0
9.0
1.0
14.0
4.0
0.0
5.0
15.0
0.0
30.0
6.0
0.0
12.0
14.0
4.0
19.0
0.0
14.0
4.0
24.0
0.0
6.0
0.0
28.0
6.0
60.0
0.0
14.0
0.0
8.0
1.0
17.0
0.0
4.0
0.0
2.0
1.0
11.0
0.0
13.0
2.0
1.0
6.0
15.0
0.0
30.0
6.0
0.0
12.0
22.0
0.0
15.0
0.0
10.0
0.0
24.0
0.0
10.0
4.0
34.0
0.0
54.0
0.0
20.0
0.0
9.0
0.0
16.0
0.0
5.0
0.0
2.0
1.0
11.0
0.0
13.0
2.0
1.0
6.0
15.0
0.0
30.0
6.0
0.0
12.0
22.0
0.0
15.0
0.0
10.0
0.0
24.0
0.0
10.0
4.0
34.0
0.0
54.0
0.0
20.0
0.0
9.0
0.0
16.0
0.0
5.0
0.0
3.0
0.0
4.0
0.0
20.0
2.0
0.0
7.0
0.0
0.0
45.0
0.0
0.0
18.0
12.0
1.0
24.0
0.0
10.0
2.0
30.0
0.0
6.0
0.0
8.0
0.0
84.0
0.0
16.0
0.0
0.0
0.0
26.0
0.0
4.0
0.0
3.0
0.0
4.0
0.0
20.0
2.0
0.0
7.0
0.0
0.0
45.0
0.0
0.0
18.0
12.0
1.0
24.0
0.0
10.0
2.0
30.0
0.0
6.0
0.0
8.0
0.0
84.0
0.0
16.0
0.0
0.0
0.0
26.0
0.0
4.0
0.0
2.0
1.0
9.0
0.0
15.0
3.0
0.0
6.0
15.0
0.0
30.0
6.0
0.0
12.0
15.0
0.0
22.0
0.0
12.0
0.0
30.0
0.0
6.0
0.0
30.0
0.0
66.0
0.0
12.0
0.0
9.0
0.0
18.0
0.0
3.0
0.0
3.0
0.0
4.0
0.0
20.0
2.0
0.0
7.0
0.0
0.0
45.0
0.0
0.0
18.0
12.0
1.0
24.0
0.0
10.0
2.0
30.0
0.0
6.0
0.0
8.0
0.0
84.0
0.0
16.0
0.0
0.0
0.0
26.0
0.0
4.0
0.0
1.0
2.0
16.0
2.0
6.0
5.0
1.0
3.0
30.0
0.0
15.0
12.0
0.0
6.0
23.0
7.0
7.0
0.0
18.0
4.0
11.0
1.0
11.0
3.0
52.0
12.0
24.0
0.0
20.0
0.0
15.0
3.0
7.0
0.0
5.0
0.0
1.0
2.0
16.0
2.0
6.0
5.0
1.0
3.0
30.0
0.0
15.0
12.0
0.0
6.0
23.0
7.0
7.0
0.0
18.0
4.0
11.0
1.0
11.0
3.0
52.0
12.0
24.0
0.0
20.0
0.0
15.0
3.0
7.0
0.0
5.0
0.0
1.0
2.0
16.0
2.0
6.0
5.0
1.0
3.0
30.0
0.0
15.0
12.0
0.0
6.0
23.0
7.0
7.0
0.0
18.0
4.0
11.0
1.0
11.0
3.0
52.0
12.0
24.0
0.0
20.0
0.0
15.0
3.0
7.0
0.0
5.0
0.0
1.0
2.0
16.0
2.0
6.0
5.0
1.0
3.0
30.0
0.0
15.0
12.0
0.0
6.0
23.0
7.0
7.0
0.0
18.0
4.0
11.0
1.0
11.0
3.0
52.0
12.0
24.0
0.0
20.0
0.0
15.0
3.0
7.0
0.0
5.0
0.0
1.0
2.0
14.0
3.0
7.0
7.0
0.0
2.0
30.0
0.0
15.0
12.0
0.0
6.0
18.0
8.0
10.0
1.0
20.0
10.0
12.0
0.0
6.0
0.0
46.0
18.0
30.0
0.0
14.0
0.0
14.0
4.0
8.0
0.0
4.0
0.0
2.0
1.0
11.0
1.0
12.0
3.0
1.0
5.0
15.0
0.0
30.0
6.0
0.0
12.0
19.0
5.0
13.0
0.0
12.0
4.0
19.0
1.0
9.0
3.0
32.0
6.0
48.0
0.0
22.0
0.0
8.0
1.0
15.0
0.0
6.0
0.0
2.0
1.0
11.0
1.0
12.0
3.0
1.0
5.0
15.0
0.0
30.0
6.0
0.0
12.0
19.0
5.0
13.0
0.0
12.0
4.0
19.0
1.0
9.0
3.0
32.0
6.0
48.0
0.0
22.0
0.0
8.0
1.0
15.0
0.0
6.0
0.0
3.0
0.0
2.0
0.0
22.0
1.0
0.0
8.0
0.0
0.0
45.0
0.0
0.0
18.0
7.0
0.0
30.0
0.0
6.0
0.0
38.0
0.0
4.0
0.0
4.0
0.0
96.0
0.0
8.0
0.0
0.0
0.0
28.0
0.0
2.0
0.0
2.0
1.0
9.0
2.0
13.0
5.0
0.0
4.0
15.0
0.0
30.0
6.0
0.0
12.0
14.0
6.0
16.0
1.0
14.0
10.0
20.0
0.0
4.0
0.0
26.0
12.0
54.0
0.0
16.0
0.0
7.0
2.0
16.0
0.0
5.0
0.0
1.0
2.0
14.0
3.0
7.0
7.0
0.0
2.0
30.0
0.0
15.0
12.0
0.0
6.0
18.0
8.0
10.0
1.0
20.0
10.0
12.0
0.0
6.0
0.0
46.0
18.0
30.0
0.0
14.0
0.0
14.0
4.0
8.0
0.0
4.0
0.0
1.0
2.0
16.0
2.0
6.0
5.0
1.0
3.0
30.0
0.0
15.0
12.0
0.0
6.0
23.0
7.0
7.0
0.0
18.0
4.0
11.0
1.0
11.0
3.0
52.0
12.0
24.0
0.0
20.0
0.0
15.0
3.0
7.0
0.0
5.0
0.0
2.0
1.0
9.0
2.0
13.0
5.0
0.0
4.0
15.0
0.0
30.0
6.0
0.0
12.0
14.0
6.0
16.0
1.0
14.0
10.0
20.0
0.0
4.0
0.0
26.0
12.0
54.0
0.0
16.0
0.0
7.0
2.0
16.0
0.0
5.0
0.0
2.0
1.0
11.0
1.0
12.0
3.0
1.0
5.0
15.0
0.0
30.0
6.0
0.0
12.0
19.0
5.0
13.0
0.0
12.0
4.0
19.0
1.0
9.0
3.0
32.0
6.0
48.0
0.0
22.0
0.0
8.0
1.0
15.0
0.0
6.0
0.0
2.0
1.0
11.0
1.0
12.0
3.0
1.0
5.0
15.0
0.0
30.0
6.0
0.0
12.0
19.0
5.0
13.0
0.0
12.0
4.0
19.0
1.0
9.0
3.0
32.0
6.0
48.0
0.0
22.0
0.0
8.0
1.0
15.0
0.0
6.0
0.0
2.0
1.0
11.0
1.0
12.0
3.0
1.0
5.0
15.0
0.0
30.0
6.0
0.0
12.0
19.0
5.0
13.0
0.0
12.0
4.0
19.0
1.0
9.0
3.0
32.0
6.0
48.0
0.0
22.0
0.0
8.0
1.0
15.0
0.0
6.0
0.0
2.0
1.0
9.0
2.0
13.0
5.0
0.0
4.0
15.0
0.0
30.0
6.0
0.0
12.0
14.0
6.0
16.0
1.0
14.0
10.0
20.0
0.0
4.0
0.0
26.0
12.0
54.0
0.0
16.0
0.0
7.0
2.0
16.0
0.0
5.0
0.0
3.0
0.0
2.0
0.0
22.0
1.0
0.0
8.0
0.0
0.0
45.0
0.0
0.0
18.0
7.0
0.0
30.0
0.0
6.0
0.0
38.0
0.0
4.0
0.0
4.0
0.0
96.0
0.0
8.0
0.0
0.0
0.0
28.0
0.0
2.0
0.0
3.0
0.0
6.0
0.0
18.0
3.0
0.0
6.0
0.0
0.0
45.0
0.0
0.0
18.0
15.0
3.0
19.0
0.0
12.0
6.0
24.0
0.0
6.0
0.0
12.0
0.0
72.0
0.0
24.0
0.0
0.0
0.0
24.0
0.0
6.0
0.0
0.0
3.0
19.0
5.0
0.0
8.0
1.0
0.0
45.0
0.0
0.0
18.0
0.0
0.0
24.0
11.0
0.0
2.0
24.0
10.0
0.0
2.0
10.0
2.0
64.0
30.0
0.0
0.0
14.0
0.0
19.0
8.0
0.0
0.0
3.0
0.0
1.0
2.0
14.0
4.0
6.0
6.0
1.0
2.0
30.0
0.0
15.0
12.0
0.0
6.0
18.0
10.0
7.0
2.0
16.0
12.0
10.0
2.0
6.0
2.0
44.0
24.0
24.0
0.0
16.0
0.0
13.0
5.0
7.0
0.0
5.0
0.0
1.0
2.0
16.0
3.0
5.0
4.0
2.0
3.0
30.0
0.0
15.0
12.0
0.0
6.0
20.0
12.0
5.0
0.0
16.0
4.0
8.0
4.0
12.0
4.0
50.0
18.0
18.0
0.0
22.0
0.0
14.0
4.0
6.0
0.0
6.0
0.0
1.0
2.0
14.0
4.0
6.0
6.0
1.0
2.0
30.0
0.0
15.0
12.0
0.0
6.0
18.0
10.0
7.0
2.0
16.0
12.0
10.0
2.0
6.0
2.0
44.0
24.0
24.0
0.0
16.0
0.0
13.0
5.0
7.0
0.0
5.0
0.0
1.0
2.0
16.0
3.0
5.0
4.0
2.0
3.0
30.0
0.0
15.0
12.0
0.0
6.0
20.0
12.0
5.0
0.0
16.0
4.0
8.0
4.0
12.0
4.0
50.0
18.0
18.0
0.0
22.0
0.0
14.0
4.0
6.0
0.0
6.0
0.0
1.0
2.0
14.0
4.0
6.0
6.0
1.0
2.0
30.0
0.0
15.0
12.0
0.0
6.0
18.0
10.0
7.0
2.0
16.0
12.0
10.0
2.0
6.0
2.0
44.0
24.0
24.0
0.0
16.0
0.0
13.0
5.0
7.0
0.0
5.0
0.0
1.0
2.0
14.0
4.0
6.0
6.0
1.0
2.0
30.0
0.0
15.0
12.0
0.0
6.0
18.0
10.0
7.0
2.0
16.0
12.0
10.0
2.0
6.0
2.0
44.0
24.0
24.0
0.0
16.0
0.0
13.0
5.0
7.0
0.0
5.0
0.0
2.0
1.0
11.0
2.0
11.0
4.0
1.0
4.0
15.0
0.0
30.0
6.0
0.0
12.0
17.0
8.0
11.0
1.0
12.0
10.0
16.0
2.0
6.0
2.0
30.0
12.0
42.0
0.0
24.0
0.0
7.0
2.0
14.0
0.0
7.0
0.0
1.0
2.0
14.0
4.0
6.0
6.0
1.0
2.0
30.0
0.0
15.0
12.0
0.0
6.0
18.0
10.0
7.0
2.0
16.0
12.0
10.0
2.0
6.0
2.0
44.0
24.0
24.0
0.0
16.0
0.0
13.0
5.0
7.0
0.0
5.0
0.0
2.0
1.0
11.0
2.0
11.0
4.0
1.0
4.0
15.0
0.0
30.0
6.0
0.0
12.0
17.0
8.0
11.0
1.0
12.0
10.0
16.0
2.0
6.0
2.0
30.0
12.0
42.0
0.0
24.0
0.0
7.0
2.0
14.0
0.0
7.0
0.0
0.0
3.0
17.0
7.0
0.0
7.0
2.0
0.0
45.0
0.0
0.0
18.0
0.0
0.0
19.0
14.0
0.0
4.0
20.0
12.0
0.0
6.0
8.0
2.0
56.0
42.0
0.0
0.0
10.0
0.0
17.0
10.0
0.0
0.0
3.0
0.0
0.0
3.0
17.0
7.0
0.0
7.0
2.0
0.0
45.0
0.0
0.0
18.0
0.0
0.0
19.0
14.0
0.0
4.0
20.0
12.0
0.0
6.0
8.0
2.0
56.0
42.0
0.0
0.0
10.0
0.0
17.0
10.0
0.0
0.0
3.0
0.0
1.0
2.0
14.0
5.0
5.0
5.0
2.0
2.0
30.0
0.0
15.0
12.0
0.0
6.0
16.0
13.0
5.0
3.0
14.0
12.0
8.0
6.0
6.0
2.0
42.0
30.0
18.0
0.0
18.0
0.0
12.0
6.0
6.0
0.0
6.0
0.0
1.0
2.0
16.0
1.0
7.0
6.0
0.0
3.0
30.0
0.0
15.0
12.0
0.0
6.0
24.0
3.0
10.0
0.0
22.0
2.0
14.0
0.0
10.0
0.0
54.0
6.0
30.0
0.0
18.0
0.0
16.0
2.0
8.0
0.0
4.0
0.0
1.0
2.0
14.0
5.0
5.0
5.0
2.0
2.0
30.0
0.0
15.0
12.0
0.0
6.0
16.0
13.0
5.0
3.0
14.0
12.0
8.0
6.0
6.0
2.0
42.0
30.0
18.0
0.0
18.0
0.0
12.0
6.0
6.0
0.0
6.0
0.0
1.0
2.0
14.0
5.0
5.0
5.0
2.0
2.0
30.0
0.0
15.0
12.0
0.0
6.0
16.0
13.0
5.0
3.0
14.0
12.0
8.0
6.0
6.0
2.0
42.0
30.0
18.0
0.0
18.0
0.0
12.0
6.0
6.0
0.0
6.0
0.0
0.0
3.0
15.0
9.0
0.0
6.0
3.0
0.0
45.0
0.0
0.0
18.0
0.0
0.0
15.0
15.0
0.0
7.0
18.0
12.0
0.0
12.0
6.0
0.0
48.0
54.0
0.0
0.0
6.0
0.0
15.0
12.0
0.0
0.0
3.0
0.0
3.0
0.0
0.0
0.0
24.0
0.0
0.0
9.0
0.0
0.0
45.0
0.0
0.0
18.0
0.0
0.0
37.0
0.0
0.0
0.0
48.0
0.0
0.0
0.0
0.0
0.0
108.0
0.0
0.0
0.0
0.0
0.0
30.0
0.0
0.0
0.0
1.0
2.0
16.0
1.0
7.0
6.0
0.0
3.0
30.0
0.0
15.0
12.0
0.0
6.0
24.0
3.0
10.0
0.0
22.0
2.0
14.0
0.0
10.0
0.0
54.0
6.0
30.0
0.0
18.0
0.0
16.0
2.0
8.0
0.0
4.0
0.0
2.0
1.0
11.0
0.0
13.0
2.0
1.0
6.0
15.0
0.0
30.0
6.0
0.0
12.0
22.0
0.0
15.0
0.0
10.0
0.0
24.0
0.0
10.0
4.0
34.0
0.0
54.0
0.0
20.0
0.0
9.0
0.0
16.0
0.0
5.0
0.0
2.0
1.0
14.0
5.0
5.0
5.0
2.0
2.0
30.0
15.0
0.0
12.0
6.0
0.0
13.0
16.0
3.0
5.0
12.0
14.0
6.0
8.0
2.0
6.0
30.0
42.0
0.0
18.0
0.0
18.0
6.0
12.0
0.0
6.0
0.0
6.0
2.0
1.0
14.0
5.0
5.0
5.0
2.0
2.0
30.0
15.0
0.0
12.0
6.0
0.0
13.0
16.0
3.0
5.0
12.0
14.0
6.0
8.0
2.0
6.0
30.0
42.0
0.0
18.0
0.0
18.0
6.0
12.0
0.0
6.0
0.0
6.0
2.0
1.0
16.0
5.0
3.0
4.0
3.0
2.0
30.0
15.0
0.0
12.0
6.0
0.0
12.0
20.0
0.0
5.0
4.0
16.0
4.0
8.0
4.0
12.0
18.0
50.0
0.0
18.0
0.0
22.0
4.0
14.0
0.0
6.0
0.0
6.0
1.0
2.0
11.0
11.0
2.0
4.0
4.0
1.0
15.0
30.0
0.0
6.0
12.0
0.0
8.0
17.0
1.0
11.0
10.0
12.0
2.0
16.0
2.0
6.0
12.0
30.0
0.0
42.0
0.0
24.0
2.0
7.0
0.0
14.0
0.0
7.0
2.0
1.0
14.0
6.0
4.0
6.0
2.0
1.0
30.0
15.0
0.0
12.0
6.0
0.0
10.0
18.0
2.0
7.0
12.0
16.0
2.0
10.0
2.0
6.0
24.0
44.0
0.0
24.0
0.0
16.0
5.0
13.0
0.0
7.0
0.0
5.0
2.0
1.0
16.0
5.0
3.0
4.0
3.0
2.0
30.0
15.0
0.0
12.0
6.0
0.0
12.0
20.0
0.0
5.0
4.0
16.0
4.0
8.0
4.0
12.0
18.0
50.0
0.0
18.0
0.0
22.0
4.0
14.0
0.0
6.0
0.0
6.0
2.0
1.0
14.0
6.0
4.0
6.0
2.0
1.0
30.0
15.0
0.0
12.0
6.0
0.0
10.0
18.0
2.0
7.0
12.0
16.0
2.0
10.0
2.0
6.0
24.0
44.0
0.0
24.0
0.0
16.0
5.0
13.0
0.0
7.0
0.0
5.0
2.0
1.0
16.0
5.0
3.0
4.0
3.0
2.0
30.0
15.0
0.0
12.0
6.0
0.0
12.0
20.0
0.0
5.0
4.0
16.0
4.0
8.0
4.0
12.0
18.0
50.0
0.0
18.0
0.0
22.0
4.0
14.0
0.0
6.0
0.0
6.0
2.0
1.0
14.0
6.0
4.0
6.0
2.0
1.0
30.0
15.0
0.0
12.0
6.0
0.0
10.0
18.0
2.0
7.0
12.0
16.0
2.0
10.0
2.0
6.0
24.0
44.0
0.0
24.0
0.0
16.0
5.0
13.0
0.0
7.0
0.0
5.0
2.0
1.0
14.0
6.0
4.0
6.0
2.0
1.0
30.0
15.0
0.0
12.0
6.0
0.0
10.0
18.0
2.0
7.0
12.0
16.0
2.0
10.0
2.0
6.0
24.0
44.0
0.0
24.0
0.0
16.0
5.0
13.0
0.0
7.0
0.0
5.0
3.0
0.0
19.0
0.0
5.0
8.0
0.0
1.0
45.0
0.0
0.0
18.0
0.0
0.0
11.0
24.0
2.0
0.0
10.0
24.0
2.0
0.0
2.0
10.0
30.0
64.0
0.0
0.0
0.0
14.0
8.0
19.0
0.0
0.0
0.0
3.0
3.0
0.0
19.0
0.0
5.0
8.0
0.0
1.0
45.0
0.0
0.0
18.0
0.0
0.0
11.0
24.0
2.0
0.0
10.0
24.0
2.0
0.0
2.0
10.0
30.0
64.0
0.0
0.0
0.0
14.0
8.0
19.0
0.0
0.0
0.0
3.0
2.0
1.0
14.0
5.0
5.0
5.0
2.0
2.0
30.0
15.0
0.0
12.0
6.0
0.0
13.0
16.0
3.0
5.0
12.0
14.0
6.0
8.0
2.0
6.0
30.0
42.0
0.0
18.0
0.0
18.0
6.0
12.0
0.0
6.0
0.0
6.0
3.0
0.0
19.0
0.0
5.0
8.0
0.0
1.0
45.0
0.0
0.0
18.0
0.0
0.0
11.0
24.0
2.0
0.0
10.0
24.0
2.0
0.0
2.0
10.0
30.0
64.0
0.0
0.0
0.0
14.0
8.0
19.0
0.0
0.0
0.0
3.0
0.0
3.0
6.0
18.0
0.0
3.0
6.0
0.0
0.0
45.0
0.0
0.0
18.0
0.0
3.0
15.0
0.0
19.0
6.0
12.0
0.0
24.0
0.0
6.0
0.0
12.0
0.0
72.0
0.0
24.0
0.0
0.0
0.0
24.0
0.0
6.0
1.0
2.0
9.0
13.0
2.0
5.0
4.0
0.0
15.0
30.0
0.0
6.0
12.0
0.0
6.0
14.0
1.0
16.0
10.0
14.0
0.0
20.0
0.0
4.0
12.0
26.0
0.0
54.0
0.0
16.0
2.0
7.0
0.0
16.0
0.0
5.0
1.0
2.0
11.0
12.0
1.0
3.0
5.0
1.0
15.0
30.0
0.0
6.0
12.0
0.0
5.0
19.0
0.0
13.0
4.0
12.0
1.0
19.0
3.0
9.0
6.0
32.0
0.0
48.0
0.0
22.0
1.0
8.0
0.0
15.0
0.0
6.0
1.0
2.0
11.0
12.0
1.0
3.0
5.0
1.0
15.0
30.0
0.0
6.0
12.0
0.0
5.0
19.0
0.0
13.0
4.0
12.0
1.0
19.0
3.0
9.0
6.0
32.0
0.0
48.0
0.0
22.0
1.0
8.0
0.0
15.0
0.0
6.0
1.0
2.0
11.0
12.0
1.0
3.0
5.0
1.0
15.0
30.0
0.0
6.0
12.0
0.0
5.0
19.0
0.0
13.0
4.0
12.0
1.0
19.0
3.0
9.0
6.0
32.0
0.0
48.0
0.0
22.0
1.0
8.0
0.0
15.0
0.0
6.0
1.0
2.0
9.0
13.0
2.0
5.0
4.0
0.0
15.0
30.0
0.0
6.0
12.0
0.0
6.0
14.0
1.0
16.0
10.0
14.0
0.0
20.0
0.0
4.0
12.0
26.0
0.0
54.0
0.0
16.0
2.0
7.0
0.0
16.0
0.0
5.0
2.0
1.0
14.0
7.0
3.0
7.0
2.0
0.0
30.0
15.0
0.0
12.0
6.0
0.0
8.0
18.0
1.0
10.0
10.0
20.0
0.0
12.0
0.0
6.0
18.0
46.0
0.0
30.0
0.0
14.0
4.0
14.0
0.0
8.0
0.0
4.0
2.0
1.0
16.0
6.0
2.0
5.0
3.0
1.0
30.0
15.0
0.0
12.0
6.0
0.0
7.0
23.0
0.0
7.0
4.0
18.0
1.0
11.0
3.0
11.0
12.0
52.0
0.0
24.0
0.0
20.0
3.0
15.0
0.0
7.0
0.0
5.0
3.0
0.0
17.0
0.0
7.0
7.0
0.0
2.0
45.0
0.0
0.0
18.0
0.0
0.0
14.0
19.0
4.0
0.0
12.0
20.0
6.0
0.0
2.0
8.0
42.0
56.0
0.0
0.0
0.0
10.0
10.0
17.0
0.0
0.0
0.0
3.0
2.0
1.0
16.0
6.0
2.0
5.0
3.0
1.0
30.0
15.0
0.0
12.0
6.0
0.0
7.0
23.0
0.0
7.0
4.0
18.0
1.0
11.0
3.0
11.0
12.0
52.0
0.0
24.0
0.0
20.0
3.0
15.0
0.0
7.0
0.0
5.0
1.0
2.0
11.0
12.0
1.0
3.0
5.0
1.0
15.0
30.0
0.0
6.0
12.0
0.0
5.0
19.0
0.0
13.0
4.0
12.0
1.0
19.0
3.0
9.0
6.0
32.0
0.0
48.0
0.0
22.0
1.0
8.0
0.0
15.0
0.0
6.0
1.0
2.0
11.0
12.0
1.0
3.0
5.0
1.0
15.0
30.0
0.0
6.0
12.0
0.0
5.0
19.0
0.0
13.0
4.0
12.0
1.0
19.0
3.0
9.0
6.0
32.0
0.0
48.0
0.0
22.0
1.0
8.0
0.0
15.0
0.0
6.0
1.0
2.0
9.0
13.0
2.0
5.0
4.0
0.0
15.0
30.0
0.0
6.0
12.0
0.0
6.0
14.0
1.0
16.0
10.0
14.0
0.0
20.0
0.0
4.0
12.0
26.0
0.0
54.0
0.0
16.0
2.0
7.0
0.0
16.0
0.0
5.0
2.0
1.0
16.0
6.0
2.0
5.0
3.0
1.0
30.0
15.0
0.0
12.0
6.0
0.0
7.0
23.0
0.0
7.0
4.0
18.0
1.0
11.0
3.0
11.0
12.0
52.0
0.0
24.0
0.0
20.0
3.0
15.0
0.0
7.0
0.0
5.0
2.0
1.0
14.0
7.0
3.0
7.0
2.0
0.0
30.0
15.0
0.0
12.0
6.0
0.0
8.0
18.0
1.0
10.0
10.0
20.0
0.0
12.0
0.0
6.0
18.0
46.0
0.0
30.0
0.0
14.0
4.0
14.0
0.0
8.0
0.0
4.0
2.0
1.0
16.0
6.0
2.0
5.0
3.0
1.0
30.0
15.0
0.0
12.0
6.0
0.0
7.0
23.0
0.0
7.0
4.0
18.0
1.0
11.0
3.0
11.0
12.0
52.0
0.0
24.0
0.0
20.0
3.0
15.0
0.0
7.0
0.0
5.0
2.0
1.0
16.0
6.0
2.0
5.0
3.0
1.0
30.0
15.0
0.0
12.0
6.0
0.0
7.0
23.0
0.0
7.0
4.0
18.0
1.0
11.0
3.0
11.0
12.0
52.0
0.0
24.0
0.0
20.0
3.0
15.0
0.0
7.0
0.0
5.0
2.0
1.0
16.0
6.0
2.0
5.0
3.0
1.0
30.0
15.0
0.0
12.0
6.0
0.0
7.0
23.0
0.0
7.0
4.0
18.0
1.0
11.0
3.0
11.0
12.0
52.0
0.0
24.0
0.0
20.0
3.0
15.0
0.0
7.0
0.0
5.0
3.0
0.0
21.0
0.0
3.0
9.0
0.0
0.0
45.0
0.0
0.0
18.0
0.0
0.0
6.0
30.0
1.0
0.0
6.0
30.0
0.0
0.0
0.0
12.0
18.0
72.0
0.0
0.0
0.0
18.0
6.0
21.0
0.0
0.0
0.0
3.0
0.0
3.0
4.0
20.0
0.0
2.0
7.0
0.0
0.0
45.0
0.0
0.0
18.0
0.0
1.0
12.0
0.0
24.0
2.0
10.0
0.0
30.0
0.0
6.0
0.0
8.0
0.0
84.0
0.0
16.0
0.0
0.0
0.0
26.0
0.0
4.0
0.0
3.0
4.0
20.0
0.0
2.0
7.0
0.0
0.0
45.0
0.0
0.0
18.0
0.0
1.0
12.0
0.0
24.0
2.0
10.0
0.0
30.0
0.0
6.0
0.0
8.0
0.0
84.0
0.0
16.0
0.0
0.0
0.0
26.0
0.0
4.0
0.0
3.0
4.0
20.0
0.0
2.0
7.0
0.0
0.0
45.0
0.0
0.0
18.0
0.0
1.0
12.0
0.0
24.0
2.0
10.0
0.0
30.0
0.0
6.0
0.0
8.0
0.0
84.0
0.0
16.0
0.0
0.0
0.0
26.0
0.0
4.0
1.0
2.0
9.0
14.0
1.0
4.0
5.0
0.0
15.0
30.0
0.0
6.0
12.0
0.0
4.0
14.0
0.0
19.0
4.0
14.0
0.0
24.0
0.0
6.0
6.0
28.0
0.0
60.0
0.0
14.0
1.0
8.0
0.0
17.0
0.0
4.0
1.0
2.0
9.0
14.0
1.0
4.0
5.0
0.0
15.0
30.0
0.0
6.0
12.0
0.0
4.0
14.0
0.0
19.0
4.0
14.0
0.0
24.0
0.0
6.0
6.0
28.0
0.0
60.0
0.0
14.0
1.0
8.0
0.0
17.0
0.0
4.0
1.0
2.0
11.0
13.0
0.0
2.0
6.0
1.0
15.0
30.0
0.0
6.0
12.0
0.0
0.0
22.0
0.0
15.0
0.0
10.0
0.0
24.0
4.0
10.0
0.0
34.0
0.0
54.0
0.0
20.0
0.0
9.0
0.0
16.0
0.0
5.0
1.0
2.0
9.0
14.0
1.0
4.0
5.0
0.0
15.0
30.0
0.0
6.0
12.0
0.0
4.0
14.0
0.0
19.0
4.0
14.0
0.0
24.0
0.0
6.0
6.0
28.0
0.0
60.0
0.0
14.0
1.0
8.0
0.0
17.0
0.0
4.0
1.0
2.0
9.0
14.0
1.0
4.0
5.0
0.0
15.0
30.0
0.0
6.0
12.0
0.0
4.0
14.0
0.0
19.0
4.0
14.0
0.0
24.0
0.0
6.0
6.0
28.0
0.0
60.0
0.0
14.0
1.0
8.0
0.0
17.0
0.0
4.0
3.0
0.0
17.0
0.0
7.0
7.0
0.0
2.0
45.0
0.0
0.0
18.0
0.0
0.0
14.0
19.0
4.0
0.0
12.0
20.0
6.0
0.0
2.0
8.0
42.0
56.0
0.0
0.0
0.0
10.0
10.0
17.0
0.0
0.0
0.0
3.0
2.0
1.0
16.0
7.0
1.0
6.0
3.0
0.0
30.0
15.0
0.0
12.0
6.0
0.0
3.0
24.0
0.0
10.0
2.0
22.0
0.0
14.0
0.0
10.0
6.0
54.0
0.0
30.0
0.0
18.0
2.0
16.0
0.0
8.0
0.0
4.0
1.0
2.0
11.0
13.0
0.0
2.0
6.0
1.0
15.0
30.0
0.0
6.0
12.0
0.0
0.0
22.0
0.0
15.0
0.0
10.0
0.0
24.0
4.0
10.0
0.0
34.0
0.0
54.0
0.0
20.0
0.0
9.0
0.0
16.0
0.0
5.0
1.0
2.0
9.0
14.0
1.0
4.0
5.0
0.0
15.0
30.0
0.0
6.0
12.0
0.0
4.0
14.0
0.0
19.0
4.0
14.0
0.0
24.0
0.0
6.0
6.0
28.0
0.0
60.0
0.0
14.0
1.0
8.0
0.0
17.0
0.0
4.0
1.0
2.0
9.0
14.0
1.0
4.0
5.0
0.0
15.0
30.0
0.0
6.0
12.0
0.0
4.0
14.0
0.0
19.0
4.0
14.0
0.0
24.0
0.0
6.0
6.0
28.0
0.0
60.0
0.0
14.0
1.0
8.0
0.0
17.0
0.0
4.0
2.0
1.0
16.0
7.0
1.0
6.0
3.0
0.0
30.0
15.0
0.0
12.0
6.0
0.0
3.0
24.0
0.0
10.0
2.0
22.0
0.0
14.0
0.0
10.0
6.0
54.0
0.0
30.0
0.0
18.0
2.0
16.0
0.0
8.0
0.0
4.0
2.0
1.0
16.0
7.0
1.0
6.0
3.0
0.0
30.0
15.0
0.0
12.0
6.0
0.0
3.0
24.0
0.0
10.0
2.0
22.0
0.0
14.0
0.0
10.0
6.0
54.0
0.0
30.0
0.0
18.0
2.0
16.0
0.0
8.0
0.0
4.0
0.0
3.0
2.0
22.0
0.0
1.0
8.0
0.0
0.0
45.0
0.0
0.0
18.0
0.0
0.0
7.0
0.0
30.0
0.0
6.0
0.0
38.0
0.0
4.0
0.0
4.0
0.0
96.0
0.0
8.0
0.0
0.0
0.0
28.0
0.0
2.0
0.0
3.0
2.0
22.0
0.0
1.0
8.0
0.0
0.0
45.0
0.0
0.0
18.0
0.0
0.0
7.0
0.0
30.0
0.0
6.0
0.0
38.0
0.0
4.0
0.0
4.0
0.0
96.0
0.0
8.0
0.0
0.0
0.0
28.0
0.0
2.0
1.0
2.0
9.0
15.0
0.0
3.0
6.0
0.0
15.0
30.0
0.0
6.0
12.0
0.0
0.0
15.0
0.0
22.0
0.0
12.0
0.0
30.0
0.0
6.0
0.0
30.0
0.0
66.0
0.0
12.0
0.0
9.0
0.0
18.0
0.0
3.0
1.0
2.0
9.0
15.0
0.0
3.0
6.0
0.0
15.0
30.0
0.0
6.0
12.0
0.0
0.0
15.0
0.0
22.0
0.0
12.0
0.0
30.0
0.0
6.0
0.0
30.0
0.0
66.0
0.0
12.0
0.0
9.0
0.0
18.0
0.0
3.0
3.0
0.0
15.0
0.0
9.0
6.0
0.0
3.0
45.0
0.0
0.0
18.0
0.0
0.0
15.0
15.0
7.0
0.0
12.0
18.0
12.0
0.0
0.0
6.0
54.0
48.0
0.0
0.0
0.0
6.0
12.0
15.0
0.0
0.0
0.0
3.0
1.0
2.0
11.0
11.0
2.0
4.0
4.0
1.0
15.0
30.0
0.0
6.0
12.0
0.0
8.0
17.0
1.0
11.0
10.0
12.0
2.0
16.0
2.0
6.0
12.0
30.0
0.0
42.0
0.0
24.0
2.0
7.0
0.0
14.0
0.0
7.0
2.0
1.0
14.0
6.0
4.0
6.0
2.0
1.0
30.0
15.0
0.0
12.0
6.0
0.0
10.0
18.0
2.0
7.0
12.0
16.0
2.0
10.0
2.0
6.0
24.0
44.0
0.0
24.0
0.0
16.0
5.0
13.0
0.0
7.0
0.0
5.0
2.0
1.0
14.0
6.0
4.0
6.0
2.0
1.0
30.0
15.0
0.0
12.0
6.0
0.0
10.0
18.0
2.0
7.0
12.0
16.0
2.0
10.0
2.0
6.0
24.0
44.0
0.0
24.0
0.0
16.0
5.0
13.0
0.0
7.0
0.0
5.0
